3.963e+00  
6.435e+01  
1.241e+02  
1.770e+02  
2.283e+02  
2.791e+02  
3.297e+02 
3.805e+02 
4.305e+02  
4.800e+02  
5.296e+02  
5.797e+02  
6.298e+02  
6.797e+02  
7.294e+02  
7.783e+02  
8.276e+02 
8.770e+02 
9.264e+02 
9.755e+02
1.007e+03

 1
 0.9691517E+00 0.9691237E+00 0.9690727E+00 0.9689978E+00 0.9688976E+00 0.9687701E+00 0.9686127E+00 0.9684221E+00 0.9681938E+00 0.9679223E+00 0.9676003E+00 0.9672184E+00 0.9667641E+00 0.9662207E+00 0.9655652E+00 0.9647654E+00 0.9637740E+00 0.9625195E+00 0.9608869E+00 0.9586769E+00 0.9555045E+00 0.9504906E+00 0.9409040E+00 0.9084566E+00
 0.9691237E+00 0.9690957E+00 0.9690447E+00 0.9689699E+00 0.9688698E+00 0.9687425E+00 0.9685853E+00 0.9683949E+00 0.9681669E+00 0.9678957E+00 0.9675741E+00 0.9671927E+00 0.9667389E+00 0.9661961E+00 0.9655413E+00 0.9647422E+00 0.9637517E+00 0.9624983E+00 0.9608671E+00 0.9586586E+00 0.9554882E+00 0.9504766E+00 0.9408929E+00 0.9084500E+00
 0.9690727E+00 0.9690447E+00 0.9689939E+00 0.9689193E+00 0.9688194E+00 0.9686924E+00 0.9685355E+00 0.9683455E+00 0.9681180E+00 0.9678475E+00 0.9675265E+00 0.9671459E+00 0.9666930E+00 0.9661512E+00 0.9654976E+00 0.9647000E+00 0.9637112E+00 0.9624598E+00 0.9608309E+00 0.9586253E+00 0.9554584E+00 0.9504511E+00 0.9408729E+00 0.9084378E+00
 0.9689978E+00 0.9689699E+00 0.9689193E+00 0.9688449E+00 0.9687454E+00 0.9686187E+00 0.9684624E+00 0.9682730E+00 0.9680463E+00 0.9677765E+00 0.9674566E+00 0.9670771E+00 0.9666255E+00 0.9660853E+00 0.9654335E+00 0.9646380E+00 0.9636517E+00 0.9624032E+00 0.9607778E+00 0.9585764E+00 0.9554145E+00 0.9504136E+00 0.9408433E+00 0.9084199E+00
 0.9688976E+00 0.9688698E+00 0.9688194E+00 0.9687454E+00 0.9686463E+00 0.9685202E+00 0.9683646E+00 0.9681760E+00 0.9679502E+00 0.9676816E+00 0.9673630E+00 0.9669850E+00 0.9665352E+00 0.9659971E+00 0.9653477E+00 0.9645549E+00 0.9635719E+00 0.9623274E+00 0.9607066E+00 0.9585108E+00 0.9553558E+00 0.9503633E+00 0.9408036E+00 0.9083958E+00
 0.9687701E+00 0.9687425E+00 0.9686924E+00 0.9686187E+00 0.9685202E+00 0.9683948E+00 0.9682400E+00 0.9680525E+00 0.9678280E+00 0.9675608E+00 0.9672438E+00 0.9668678E+00 0.9664203E+00 0.9658847E+00 0.9652384E+00 0.9644492E+00 0.9634703E+00 0.9622307E+00 0.9606158E+00 0.9584271E+00 0.9552808E+00 0.9502990E+00 0.9407528E+00 0.9083651E+00
 0.9686127E+00 0.9685853E+00 0.9685355E+00 0.9684624E+00 0.9683646E+00 0.9682400E+00 0.9680863E+00 0.9679001E+00 0.9676770E+00 0.9674116E+00 0.9670967E+00 0.9667230E+00 0.9662782E+00 0.9657459E+00 0.9651033E+00 0.9643184E+00 0.9633447E+00 0.9621111E+00 0.9605035E+00 0.9583235E+00 0.9551879E+00 0.9502193E+00 0.9406899E+00 0.9083269E+00
 0.9684221E+00 0.9683949E+00 0.9683455E+00 0.9682730E+00 0.9681760E+00 0.9680525E+00 0.9679001E+00 0.9677153E+00 0.9674940E+00 0.9672307E+00 0.9669183E+00 0.9665474E+00 0.9661060E+00 0.9655775E+00 0.9649393E+00 0.9641597E+00 0.9631922E+00 0.9619659E+00 0.9603670E+00 0.9581976E+00 0.9550748E+00 0.9501224E+00 0.9406131E+00 0.9082803E+00
 0.9681938E+00 0.9681669E+00 0.9681180E+00 0.9680463E+00 0.9679502E+00 0.9678280E+00 0.9676770E+00 0.9674940E+00 0.9672749E+00 0.9670140E+00 0.9667045E+00 0.9663370E+00 0.9658995E+00 0.9653756E+00 0.9647427E+00 0.9639694E+00 0.9630091E+00 0.9617915E+00 0.9602030E+00 0.9580461E+00 0.9549388E+00 0.9500055E+00 0.9405205E+00 0.9082240E+00
 0.9679223E+00 0.9678957E+00 0.9678475E+00 0.9677765E+00 0.9676816E+00 0.9675608E+00 0.9674116E+00 0.9672307E+00 0.9670140E+00 0.9667561E+00 0.9664500E+00 0.9660865E+00 0.9656536E+00 0.9651350E+00 0.9645084E+00 0.9637423E+00 0.9627907E+00 0.9615834E+00 0.9600071E+00 0.9578651E+00 0.9547760E+00 0.9498654E+00 0.9404094E+00 0.9081564E+00
 0.9676003E+00 0.9675741E+00 0.9675265E+00 0.9674566E+00 0.9673630E+00 0.9672438E+00 0.9670967E+00 0.9669183E+00 0.9667045E+00 0.9664500E+00 0.9661478E+00 0.9657889E+00 0.9653614E+00 0.9648491E+00 0.9642298E+00 0.9634723E+00 0.9625308E+00 0.9613354E+00 0.9597736E+00 0.9576491E+00 0.9545815E+00 0.9496979E+00 0.9402763E+00 0.9080752E+00
 0.9672184E+00 0.9671927E+00 0.9671459E+00 0.9670771E+00 0.9669850E+00 0.9668678E+00 0.9667230E+00 0.9665474E+00 0.9663370E+00 0.9660865E+00 0.9657889E+00 0.9654355E+00 0.9650142E+00 0.9645091E+00 0.9638984E+00 0.9631509E+00 0.9622212E+00 0.9610399E+00 0.9594950E+00 0.9573910E+00 0.9543489E+00 0.9494972E+00 0.9401164E+00 0.9079776E+00
 0.9667641E+00 0.9667389E+00 0.9666930E+00 0.9666255E+00 0.9665352E+00 0.9664203E+00 0.9662782E+00 0.9661060E+00 0.9658995E+00 0.9656536E+00 0.9653614E+00 0.9650142E+00 0.9646002E+00 0.9641037E+00 0.9635029E+00 0.9627671E+00 0.9618512E+00 0.9606864E+00 0.9591613E+00 0.9570816E+00 0.9540694E+00 0.9492555E+00 0.9399234E+00 0.9078594E+00
 0.9662207E+00 0.9661961E+00 0.9661512E+00 0.9660853E+00 0.9659971E+00 0.9658847E+00 0.9657459E+00 0.9655775E+00 0.9653756E+00 0.9651350E+00 0.9648491E+00 0.9645091E+00 0.9641037E+00 0.9636171E+00 0.9630279E+00 0.9623058E+00 0.9614061E+00 0.9602607E+00 0.9587590E+00 0.9567078E+00 0.9537312E+00 0.9489622E+00 0.9396885E+00 0.9077153E+00
 0.9655652E+00 0.9655413E+00 0.9654976E+00 0.9654335E+00 0.9653477E+00 0.9652384E+00 0.9651033E+00 0.9649393E+00 0.9647427E+00 0.9645084E+00 0.9642298E+00 0.9638984E+00 0.9635029E+00 0.9630279E+00 0.9624524E+00 0.9617463E+00 0.9608657E+00 0.9597431E+00 0.9582690E+00 0.9562518E+00 0.9533176E+00 0.9486026E+00 0.9393994E+00 0.9075372E+00
 0.9647654E+00 0.9647422E+00 0.9647000E+00 0.9646380E+00 0.9645549E+00 0.9644492E+00 0.9643184E+00 0.9641597E+00 0.9639694E+00 0.9637423E+00 0.9634723E+00 0.9631509E+00 0.9627671E+00 0.9623058E+00 0.9617463E+00 0.9610592E+00 0.9602012E+00 0.9591057E+00 0.9576646E+00 0.9556879E+00 0.9528046E+00 0.9481549E+00 0.9390380E+00 0.9073138E+00
 0.9637740E+00 0.9637517E+00 0.9637112E+00 0.9636517E+00 0.9635719E+00 0.9634703E+00 0.9633447E+00 0.9631922E+00 0.9630091E+00 0.9627907E+00 0.9625308E+00 0.9622212E+00 0.9618512E+00 0.9614061E+00 0.9608657E+00 0.9602012E+00 0.9593701E+00 0.9583071E+00 0.9569055E+00 0.9549779E+00 0.9521565E+00 0.9475868E+00 0.9385769E+00 0.9070272E+00
 0.9625195E+00 0.9624983E+00 0.9624598E+00 0.9624032E+00 0.9623274E+00 0.9622307E+00 0.9621111E+00 0.9619659E+00 0.9617915E+00 0.9615834E+00 0.9613354E+00 0.9610399E+00 0.9606864E+00 0.9602607E+00 0.9597431E+00 0.9591057E+00 0.9583071E+00 0.9572832E+00 0.9559297E+00 0.9540621E+00 0.9513170E+00 0.9468471E+00 0.9379724E+00 0.9066493E+00
 0.9608869E+00 0.9608671E+00 0.9608309E+00 0.9607778E+00 0.9607066E+00 0.9606158E+00 0.9605035E+00 0.9603670E+00 0.9602030E+00 0.9600071E+00 0.9597736E+00 0.9594950E+00 0.9591613E+00 0.9587590E+00 0.9582690E+00 0.9576646E+00 0.9569055E+00 0.9559297E+00 0.9546356E+00 0.9528425E+00 0.9501932E+00 0.9458500E+00 0.9371508E+00 0.9061314E+00
 0.9586769E+00 0.9586586E+00 0.9586253E+00 0.9585764E+00 0.9585108E+00 0.9584271E+00 0.9583235E+00 0.9581976E+00 0.9580461E+00 0.9578651E+00 0.9576491E+00 0.9573910E+00 0.9570816E+00 0.9567078E+00 0.9562518E+00 0.9556879E+00 0.9549779E+00 0.9540621E+00 0.9528425E+00 0.9511439E+00 0.9486177E+00 0.9444401E+00 0.9359762E+00 0.9053830E+00
 0.9555045E+00 0.9554882E+00 0.9554584E+00 0.9554145E+00 0.9553558E+00 0.9552808E+00 0.9551879E+00 0.9550748E+00 0.9549388E+00 0.9547760E+00 0.9545815E+00 0.9543489E+00 0.9540694E+00 0.9537312E+00 0.9533176E+00 0.9528046E+00 0.9521565E+00 0.9513170E+00 0.9501932E+00 0.9486177E+00 0.9462542E+00 0.9423008E+00 0.9341679E+00 0.9042133E+00
 0.9504906E+00 0.9504766E+00 0.9504511E+00 0.9504136E+00 0.9503633E+00 0.9502990E+00 0.9502193E+00 0.9501224E+00 0.9500055E+00 0.9498654E+00 0.9496979E+00 0.9494972E+00 0.9492555E+00 0.9489622E+00 0.9486026E+00 0.9481549E+00 0.9475868E+00 0.9468471E+00 0.9458500E+00 0.9444401E+00 0.9423008E+00 0.9386673E+00 0.9310342E+00 0.9021402E+00
 0.9409040E+00 0.9408929E+00 0.9408729E+00 0.9408433E+00 0.9408036E+00 0.9407528E+00 0.9406899E+00 0.9406131E+00 0.9405205E+00 0.9404094E+00 0.9402763E+00 0.9401164E+00 0.9399234E+00 0.9396885E+00 0.9393994E+00 0.9390380E+00 0.9385769E+00 0.9379724E+00 0.9371508E+00 0.9359762E+00 0.9341679E+00 0.9310342E+00 0.9242594E+00 0.8974880E+00
 0.9084566E+00 0.9084500E+00 0.9084378E+00 0.9084199E+00 0.9083958E+00 0.9083651E+00 0.9083269E+00 0.9082803E+00 0.9082240E+00 0.9081564E+00 0.9080752E+00 0.9079776E+00 0.9078594E+00 0.9077153E+00 0.9075372E+00 0.9073138E+00 0.9070272E+00 0.9066493E+00 0.9061314E+00 0.9053830E+00 0.9042133E+00 0.9021402E+00 0.8974880E+00 0.8775237E+00
 0.9102128E+00 0.9100959E+00 0.9098834E+00 0.9095712E+00 0.9091536E+00 0.9086225E+00 0.9079669E+00 0.9071730E+00 0.9062226E+00 0.9050924E+00 0.9037523E+00 0.9021631E+00 0.9002728E+00 0.8980116E+00 0.8952835E+00 0.8919532E+00 0.8878225E+00 0.8825895E+00 0.8757671E+00 0.8665081E+00 0.8531770E+00 0.8320836E+00 0.7924235E+00 0.6750710E+00
 0.9100959E+00 0.9099792E+00 0.9097669E+00 0.9094552E+00 0.9090381E+00 0.9085076E+00 0.9078529E+00 0.9070599E+00 0.9061107E+00 0.9049819E+00 0.9036434E+00 0.9020560E+00 0.9001678E+00 0.8979089E+00 0.8951837E+00 0.8918566E+00 0.8877297E+00 0.8825012E+00 0.8756840E+00 0.8664314E+00 0.8531082E+00 0.8320248E+00 0.7923789E+00 0.6750493E+00
 0.9098834E+00 0.9097669E+00 0.9095551E+00 0.9092442E+00 0.9088281E+00 0.9082988E+00 0.9076456E+00 0.9068544E+00 0.9059072E+00 0.9047809E+00 0.9034452E+00 0.9018611E+00 0.8999767E+00 0.8977223E+00 0.8950021E+00 0.8916809E+00 0.8875608E+00 0.8823404E+00 0.8755328E+00 0.8662918E+00 0.8529828E+00 0.8319177E+00 0.7922976E+00 0.6750099E+00
 0.9095712E+00 0.9094552E+00 0.9092442E+00 0.9089342E+00 0.9085195E+00 0.9079921E+00 0.9073410E+00 0.9065525E+00 0.9056084E+00 0.9044856E+00 0.9031542E+00 0.9015749E+00 0.8996960E+00 0.8974480E+00 0.8947352E+00 0.8914226E+00 0.8873126E+00 0.8821040E+00 0.8753105E+00 0.8660864E+00 0.8527983E+00 0.8317602E+00 0.7921779E+00 0.6749518E+00
 0.9091536E+00 0.9090381E+00 0.9088281E+00 0.9085195E+00 0.9081068E+00 0.9075817E+00 0.9069336E+00 0.9061485E+00 0.9052085E+00 0.9040905E+00 0.9027646E+00 0.9011917E+00 0.8993202E+00 0.8970808E+00 0.8943779E+00 0.8910767E+00 0.8869801E+00 0.8817873E+00 0.8750126E+00 0.8658111E+00 0.8525510E+00 0.8315489E+00 0.7920173E+00 0.6748738E+00
 0.9086225E+00 0.9085076E+00 0.9082988E+00 0.9079921E+00 0.9075817E+00 0.9070596E+00 0.9064151E+00 0.9056345E+00 0.9046997E+00 0.9035877E+00 0.9022688E+00 0.9007040E+00 0.8988418E+00 0.8966132E+00 0.8939228E+00 0.8906361E+00 0.8865565E+00 0.8813837E+00 0.8746327E+00 0.8654600E+00 0.8522354E+00 0.8312792E+00 0.7918121E+00 0.6747741E+00
 0.9079669E+00 0.9078529E+00 0.9076456E+00 0.9073410E+00 0.9069336E+00 0.9064151E+00 0.9057752E+00 0.9049998E+00 0.9040714E+00 0.9029668E+00 0.9016564E+00 0.9001015E+00 0.8982508E+00 0.8960353E+00 0.8933602E+00 0.8900914E+00 0.8860326E+00 0.8808843E+00 0.8741626E+00 0.8650253E+00 0.8518445E+00 0.8309449E+00 0.7915577E+00 0.6746504E+00
 0.9071730E+00 0.9070599E+00 0.9068544E+00 0.9065525E+00 0.9061485E+00 0.9056345E+00 0.9049998E+00 0.9042309E+00 0.9033100E+00 0.9022142E+00 0.9009141E+00 0.8993710E+00 0.8975340E+00 0.8953344E+00 0.8926777E+00 0.8894302E+00 0.8853965E+00 0.8802778E+00 0.8735913E+00 0.8644966E+00 0.8513688E+00 0.8305378E+00 0.7912476E+00 0.6744994E+00
 0.9062226E+00 0.9061107E+00 0.9059072E+00 0.9056084E+00 0.9052085E+00 0.9046997E+00 0.9040714E+00 0.9033100E+00 0.9023980E+00 0.9013126E+00 0.9000246E+00 0.8984955E+00 0.8966748E+00 0.8944939E+00 0.8918589E+00 0.8886368E+00 0.8846328E+00 0.8795491E+00 0.8729047E+00 0.8638609E+00 0.8507962E+00 0.8300474E+00 0.7908738E+00 0.6743171E+00
 0.9050924E+00 0.9049819E+00 0.9047809E+00 0.9044856E+00 0.9040905E+00 0.9035877E+00 0.9029668E+00 0.9022142E+00 0.9013126E+00 0.9002394E+00 0.8989655E+00 0.8974529E+00 0.8956511E+00 0.8934923E+00 0.8908829E+00 0.8876905E+00 0.8837215E+00 0.8786792E+00 0.8720842E+00 0.8631006E+00 0.8501110E+00 0.8294600E+00 0.7904254E+00 0.6740982E+00
 0.9037523E+00 0.9036434E+00 0.9034452E+00 0.9031542E+00 0.9027646E+00 0.9022688E+00 0.9016564E+00 0.9009141E+00 0.9000246E+00 0.8989655E+00 0.8977082E+00 0.8962146E+00 0.8944350E+00 0.8923018E+00 0.8897222E+00 0.8865647E+00 0.8826366E+00 0.8776429E+00 0.8711061E+00 0.8621934E+00 0.8492925E+00 0.8287574E+00 0.7898884E+00 0.6738355E+00
 0.9021631E+00 0.9020560E+00 0.9018611E+00 0.9015749E+00 0.9011917E+00 0.9007040E+00 0.9001015E+00 0.8993710E+00 0.8984955E+00 0.8974529E+00 0.8962146E+00 0.8947433E+00 0.8929893E+00 0.8908860E+00 0.8883412E+00 0.8852243E+00 0.8813441E+00 0.8764072E+00 0.8699387E+00 0.8611095E+00 0.8483132E+00 0.8279157E+00 0.7892442E+00 0.6735195E+00
 0.9002728E+00 0.9001678E+00 0.8999767E+00 0.8996960E+00 0.8993202E+00 0.8988418E+00 0.8982508E+00 0.8975340E+00 0.8966748E+00 0.8956511E+00 0.8944350E+00 0.8929893E+00 0.8912652E+00 0.8891966E+00 0.8866922E+00 0.8836228E+00 0.8797985E+00 0.8749282E+00 0.8685399E+00 0.8598091E+00 0.8471368E+00 0.8269029E+00 0.7884674E+00 0.6731375E+00
 0.8980116E+00 0.8979089E+00 0.8977223E+00 0.8974480E+00 0.8970808E+00 0.8966132E+00 0.8960353E+00 0.8953344E+00 0.8944939E+00 0.8934923E+00 0.8923018E+00 0.8908860E+00 0.8891966E+00 0.8871684E+00 0.8847112E+00 0.8816972E+00 0.8779384E+00 0.8731462E+00 0.8668525E+00 0.8582380E+00 0.8457130E+00 0.8256748E+00 0.7875235E+00 0.6726717E+00
 0.8952835E+00 0.8951837E+00 0.8950021E+00 0.8947352E+00 0.8943779E+00 0.8939228E+00 0.8933602E+00 0.8926777E+00 0.8918589E+00 0.8908829E+00 0.8897222E+00 0.8883412E+00 0.8866922E+00 0.8847112E+00 0.8823093E+00 0.8793603E+00 0.8756785E+00 0.8709785E+00 0.8647967E+00 0.8563207E+00 0.8439720E+00 0.8241696E+00 0.7863634E+00 0.6720970E+00
 0.8919532E+00 0.8918566E+00 0.8916809E+00 0.8914226E+00 0.8910767E+00 0.8906361E+00 0.8900914E+00 0.8894302E+00 0.8886368E+00 0.8876905E+00 0.8865647E+00 0.8852243E+00 0.8836228E+00 0.8816972E+00 0.8793603E+00 0.8764879E+00 0.8728972E+00 0.8683068E+00 0.8622586E+00 0.8539487E+00 0.8418130E+00 0.8222981E+00 0.7849162E+00 0.6713763E+00
 0.8878225E+00 0.8877297E+00 0.8875608E+00 0.8873126E+00 0.8869801E+00 0.8865565E+00 0.8860326E+00 0.8853965E+00 0.8846328E+00 0.8837215E+00 0.8826366E+00 0.8813441E+00 0.8797985E+00 0.8779384E+00 0.8756785E+00 0.8728972E+00 0.8694153E+00 0.8649562E+00 0.8590689E+00 0.8509607E+00 0.8390858E+00 0.8199262E+00 0.7830746E+00 0.6704535E+00
 0.8825895E+00 0.8825012E+00 0.8823404E+00 0.8821040E+00 0.8817873E+00 0.8813837E+00 0.8808843E+00 0.8802778E+00 0.8795491E+00 0.8786792E+00 0.8776429E+00 0.8764072E+00 0.8749282E+00 0.8731462E+00 0.8709785E+00 0.8683068E+00 0.8649562E+00 0.8606565E+00 0.8549659E+00 0.8471060E+00 0.8355557E+00 0.8168439E+00 0.7806692E+00 0.6692385E+00
 0.8757671E+00 0.8756840E+00 0.8755328E+00 0.8753105E+00 0.8750126E+00 0.8746327E+00 0.8741626E+00 0.8735913E+00 0.8729047E+00 0.8720842E+00 0.8711061E+00 0.8699387E+00 0.8685399E+00 0.8668525E+00 0.8647967E+00 0.8622586E+00 0.8590689E+00 0.8549659E+00 0.8495200E+00 0.8419723E+00 0.8308352E+00 0.8127017E+00 0.7774155E+00 0.6675774E+00
 0.8665081E+00 0.8664314E+00 0.8662918E+00 0.8660864E+00 0.8658111E+00 0.8654600E+00 0.8650253E+00 0.8644966E+00 0.8638609E+00 0.8631006E+00 0.8621934E+00 0.8611095E+00 0.8598091E+00 0.8582380E+00 0.8563207E+00 0.8539487E+00 0.8509607E+00 0.8471060E+00 0.8419723E+00 0.8348281E+00 0.8242328E+00 0.8068717E+00 0.7727960E+00 0.6651847E+00
 0.8531770E+00 0.8531082E+00 0.8529828E+00 0.8527983E+00 0.8525510E+00 0.8522354E+00 0.8518445E+00 0.8513688E+00 0.8507962E+00 0.8501110E+00 0.8492925E+00 0.8483132E+00 0.8471368E+00 0.8457130E+00 0.8439720E+00 0.8418130E+00 0.8390858E+00 0.8355557E+00 0.8308352E+00 0.8242328E+00 0.8143790E+00 0.7980983E+00 0.7657604E+00 0.6614633E+00
 0.8320836E+00 0.8320248E+00 0.8319177E+00 0.8317602E+00 0.8315489E+00 0.8312792E+00 0.8309449E+00 0.8305378E+00 0.8300474E+00 0.8294600E+00 0.8287574E+00 0.8279157E+00 0.8269029E+00 0.8256748E+00 0.8241696E+00 0.8222981E+00 0.8199262E+00 0.8168439E+00 0.8127017E+00 0.8068717E+00 0.7980983E+00 0.7834353E+00 0.7537898E+00 0.6549202E+00
 0.7924235E+00 0.7923789E+00 0.7922976E+00 0.7921779E+00 0.7920173E+00 0.7918121E+00 0.7915577E+00 0.7912476E+00 0.7908738E+00 0.7904254E+00 0.7898884E+00 0.7892442E+00 0.7884674E+00 0.7875235E+00 0.7863634E+00 0.7849162E+00 0.7830746E+00 0.7806692E+00 0.7774155E+00 0.7727960E+00 0.7657604E+00 0.7537898E+00 0.7288586E+00 0.6404644E+00
 0.6750710E+00 0.6750493E+00 0.6750099E+00 0.6749518E+00 0.6748738E+00 0.6747741E+00 0.6746504E+00 0.6744994E+00 0.6743171E+00 0.6740982E+00 0.6738355E+00 0.6735195E+00 0.6731375E+00 0.6726717E+00 0.6720970E+00 0.6713763E+00 0.6704535E+00 0.6692385E+00 0.6675774E+00 0.6651847E+00 0.6614633E+00 0.6549202E+00 0.6404644E+00 0.5814150E+00
 0.8593309E+00 0.8591488E+00 0.8588179E+00 0.8583319E+00 0.8576819E+00 0.8568554E+00 0.8558356E+00 0.8546011E+00 0.8531240E+00 0.8513685E+00 0.8492883E+00 0.8468234E+00 0.8438940E+00 0.8403938E+00 0.8361766E+00 0.8310373E+00 0.8246779E+00 0.8166482E+00 0.8062325E+00 0.7922121E+00 0.7723034E+00 0.7415473E+00 0.6859692E+00 0.5334105E+00
 0.8591488E+00 0.8589670E+00 0.8586365E+00 0.8581512E+00 0.8575021E+00 0.8566767E+00 0.8556583E+00 0.8544254E+00 0.8529501E+00 0.8511969E+00 0.8491193E+00 0.8466572E+00 0.8437313E+00 0.8402350E+00 0.8360224E+00 0.8308884E+00 0.8245352E+00 0.8165129E+00 0.8061061E+00 0.7920966E+00 0.7722014E+00 0.7414629E+00 0.6859079E+00 0.5333841E+00
 0.8588179E+00 0.8586365E+00 0.8583068E+00 0.8578227E+00 0.8571752E+00 0.8563518E+00 0.8553359E+00 0.8541059E+00 0.8526341E+00 0.8508848E+00 0.8488119E+00 0.8463552E+00 0.8434354E+00 0.8399463E+00 0.8357420E+00 0.8306176E+00 0.8242756E+00 0.8162667E+00 0.8058760E+00 0.7918863E+00 0.7720159E+00 0.7413091E+00 0.6857965E+00 0.5333361E+00
 0.8583319E+00 0.8581512E+00 0.8578227E+00 0.8573404E+00 0.8566952E+00 0.8558747E+00 0.8548624E+00 0.8536367E+00 0.8521699E+00 0.8504265E+00 0.8483603E+00 0.8459115E+00 0.8430008E+00 0.8395221E+00 0.8353298E+00 0.8302195E+00 0.8238941E+00 0.8159049E+00 0.8055379E+00 0.7915771E+00 0.7717431E+00 0.7410830E+00 0.6856324E+00 0.5332655E+00
 0.8576819E+00 0.8575021E+00 0.8571752E+00 0.8566952E+00 0.8560531E+00 0.8552365E+00 0.8542289E+00 0.8530089E+00 0.8515488E+00 0.8498132E+00 0.8477560E+00 0.8453176E+00 0.8424190E+00 0.8389542E+00 0.8347781E+00 0.8296865E+00 0.8233832E+00 0.8154202E+00 0.8050847E+00 0.7911627E+00 0.7713772E+00 0.7407796E+00 0.6854123E+00 0.5331706E+00
 0.8568554E+00 0.8566767E+00 0.8563518E+00 0.8558747E+00 0.8552365E+00 0.8544248E+00 0.8534232E+00 0.8522103E+00 0.8507587E+00 0.8490329E+00 0.8469872E+00 0.8445619E+00 0.8416785E+00 0.8382313E+00 0.8340755E+00 0.8290078E+00 0.8227324E+00 0.8148026E+00 0.8045072E+00 0.7906344E+00 0.7709107E+00 0.7403925E+00 0.6851313E+00 0.5330494E+00
 0.8558356E+00 0.8556583E+00 0.8553359E+00 0.8548624E+00 0.8542289E+00 0.8534232E+00 0.8524289E+00 0.8512248E+00 0.8497834E+00 0.8480696E+00 0.8460378E+00 0.8436287E+00 0.8407639E+00 0.8373382E+00 0.8332074E+00 0.8281688E+00 0.8219278E+00 0.8140389E+00 0.8037928E+00 0.7899806E+00 0.7703330E+00 0.7399129E+00 0.6847827E+00 0.5328989E+00
 0.8546011E+00 0.8544254E+00 0.8541059E+00 0.8536367E+00 0.8530089E+00 0.8522103E+00 0.8512248E+00 0.8500311E+00 0.8486020E+00 0.8469026E+00 0.8448875E+00 0.8424976E+00 0.8396551E+00 0.8362553E+00 0.8321546E+00 0.8271510E+00 0.8209514E+00 0.8131117E+00 0.8029251E+00 0.7891861E+00 0.7696305E+00 0.7393293E+00 0.6843581E+00 0.5327154E+00
 0.8531240E+00 0.8529501E+00 0.8526341E+00 0.8521699E+00 0.8515488E+00 0.8507587E+00 0.8497834E+00 0.8486020E+00 0.8471875E+00 0.8455050E+00 0.8435096E+00 0.8411426E+00 0.8383264E+00 0.8349572E+00 0.8308920E+00 0.8259302E+00 0.8197796E+00 0.8119985E+00 0.8018828E+00 0.7882312E+00 0.7687856E+00 0.7386266E+00 0.6838463E+00 0.5324938E+00
 0.8513685E+00 0.8511969E+00 0.8508848E+00 0.8504265E+00 0.8498132E+00 0.8490329E+00 0.8480696E+00 0.8469026E+00 0.8455050E+00 0.8438423E+00 0.8418700E+00 0.8395296E+00 0.8367445E+00 0.8334112E+00 0.8293879E+00 0.8244750E+00 0.8183823E+00 0.8106704E+00 0.8006386E+00 0.7870904E+00 0.7677753E+00 0.7377854E+00 0.6832327E+00 0.5322278E+00
 0.8492883E+00 0.8491193E+00 0.8488119E+00 0.8483603E+00 0.8477560E+00 0.8469872E+00 0.8460378E+00 0.8448875E+00 0.8435096E+00 0.8418700E+00 0.8399244E+00 0.8376152E+00 0.8348662E+00 0.8315748E+00 0.8276004E+00 0.8227450E+00 0.8167203E+00 0.8090897E+00 0.7991566E+00 0.7857304E+00 0.7665698E+00 0.7367803E+00 0.6824983E+00 0.5319087E+00
 0.8468234E+00 0.8466572E+00 0.8463552E+00 0.8459115E+00 0.8453176E+00 0.8445619E+00 0.8436287E+00 0.8424976E+00 0.8411426E+00 0.8395296E+00 0.8376152E+00 0.8353422E+00 0.8326352E+00 0.8293927E+00 0.8254754E+00 0.8206872E+00 0.8147420E+00 0.8072069E+00 0.7973899E+00 0.7841077E+00 0.7651294E+00 0.7355775E+00 0.6816175E+00 0.5315251E+00
 0.8438940E+00 0.8437313E+00 0.8434354E+00 0.8430008E+00 0.8424190E+00 0.8416785E+00 0.8407639E+00 0.8396551E+00 0.8383264E+00 0.8367445E+00 0.8348662E+00 0.8326352E+00 0.8299770E+00 0.8267915E+00 0.8229409E+00 0.8182312E+00 0.8123794E+00 0.8049564E+00 0.7952762E+00 0.7821639E+00 0.7634016E+00 0.7341318E+00 0.6805563E+00 0.5310616E+00
 0.8403938E+00 0.8402350E+00 0.8399463E+00 0.8395221E+00 0.8389542E+00 0.8382313E+00 0.8373382E+00 0.8362553E+00 0.8349572E+00 0.8334112E+00 0.8315748E+00 0.8293927E+00 0.8267915E+00 0.8236725E+00 0.8199000E+00 0.8152824E+00 0.8095403E+00 0.8022494E+00 0.7927309E+00 0.7798200E+00 0.7613144E+00 0.7323816E+00 0.6792678E+00 0.5304968E+00
 0.8361766E+00 0.8360224E+00 0.8357420E+00 0.8353298E+00 0.8347781E+00 0.8340755E+00 0.8332074E+00 0.8321546E+00 0.8308920E+00 0.8293879E+00 0.8276004E+00 0.8254754E+00 0.8229409E+00 0.8199000E+00 0.8162192E+00 0.8117101E+00 0.8060976E+00 0.7989634E+00 0.7896370E+00 0.7769663E+00 0.7587680E+00 0.7302404E+00 0.6776858E+00 0.5298004E+00
 0.8310373E+00 0.8308884E+00 0.8306176E+00 0.8302195E+00 0.8296865E+00 0.8290078E+00 0.8281688E+00 0.8271510E+00 0.8259302E+00 0.8244750E+00 0.8227450E+00 0.8206872E+00 0.8182312E+00 0.8152824E+00 0.8117101E+00 0.8073298E+00 0.8018716E+00 0.7949243E+00 0.7858280E+00 0.7734460E+00 0.7556190E+00 0.7275839E+00 0.6757145E+00 0.5289281E+00
 0.8246779E+00 0.8245352E+00 0.8242756E+00 0.8238941E+00 0.8233832E+00 0.8227324E+00 0.8219278E+00 0.8209514E+00 0.8197796E+00 0.8183823E+00 0.8167203E+00 0.8147420E+00 0.8123794E+00 0.8095403E+00 0.8060976E+00 0.8018716E+00 0.7965986E+00 0.7898768E+00 0.7810590E+00 0.7690282E+00 0.7516550E+00 0.7242264E+00 0.6732098E+00 0.5278126E+00
 0.8166482E+00 0.8165129E+00 0.8162667E+00 0.8159049E+00 0.8154202E+00 0.8148026E+00 0.8140389E+00 0.8131117E+00 0.8119985E+00 0.8106704E+00 0.8090897E+00 0.8072069E+00 0.8049564E+00 0.8022494E+00 0.7989634E+00 0.7949243E+00 0.7898768E+00 0.7834302E+00 0.7749542E+00 0.7633565E+00 0.7465469E+00 0.7198782E+00 0.6699445E+00 0.5263462E+00
 0.8062325E+00 0.8061061E+00 0.8058760E+00 0.8055379E+00 0.8050847E+00 0.8045072E+00 0.8037928E+00 0.8029251E+00 0.8018828E+00 0.8006386E+00 0.7991566E+00 0.7973899E+00 0.7952762E+00 0.7927309E+00 0.7896370E+00 0.7858280E+00 0.7810590E+00 0.7749542E+00 0.7669047E+00 0.7558510E+00 0.7397556E+00 0.7140607E+00 0.6655384E+00 0.5243461E+00
 0.7922121E+00 0.7920966E+00 0.7918863E+00 0.7915771E+00 0.7911627E+00 0.7906344E+00 0.7899806E+00 0.7891861E+00 0.7882312E+00 0.7870904E+00 0.7857304E+00 0.7841077E+00 0.7821639E+00 0.7798200E+00 0.7769663E+00 0.7734460E+00 0.7690282E+00 0.7633565E+00 0.7558510E+00 0.7454972E+00 0.7303302E+00 0.7059208E+00 0.6593042E+00 0.5214746E+00
 0.7723034E+00 0.7722014E+00 0.7720159E+00 0.7717431E+00 0.7713772E+00 0.7709107E+00 0.7703330E+00 0.7696305E+00 0.7687856E+00 0.7677753E+00 0.7665698E+00 0.7651294E+00 0.7634016E+00 0.7613144E+00 0.7587680E+00 0.7556190E+00 0.7516550E+00 0.7465469E+00 0.7397556E+00 0.7303302E+00 0.7164128E+00 0.6937701E+00 0.6498554E+00 0.5170310E+00
 0.7415473E+00 0.7414629E+00 0.7413091E+00 0.7410830E+00 0.7407796E+00 0.7403925E+00 0.7399129E+00 0.7393293E+00 0.7386266E+00 0.7377854E+00 0.7367803E+00 0.7355775E+00 0.7341318E+00 0.7323816E+00 0.7302404E+00 0.7275839E+00 0.7242264E+00 0.7198782E+00 0.7140607E+00 0.7059208E+00 0.6937701E+00 0.6737000E+00 0.6339037E+00 0.5092864E+00
 0.6859692E+00 0.6859079E+00 0.6857965E+00 0.6856324E+00 0.6854123E+00 0.6851313E+00 0.6847827E+00 0.6843581E+00 0.6838463E+00 0.6832327E+00 0.6824983E+00 0.6816175E+00 0.6805563E+00 0.6792678E+00 0.6776858E+00 0.6757145E+00 0.6732098E+00 0.6699445E+00 0.6655384E+00 0.6593042E+00 0.6498554E+00 0.6339037E+00 0.6011892E+00 0.4924997E+00
 0.5334105E+00 0.5333841E+00 0.5333361E+00 0.5332655E+00 0.5331706E+00 0.5330494E+00 0.5328989E+00 0.5327154E+00 0.5324938E+00 0.5322278E+00 0.5319087E+00 0.5315251E+00 0.5310616E+00 0.5304968E+00 0.5298004E+00 0.5289281E+00 0.5278126E+00 0.5263462E+00 0.5243461E+00 0.5214746E+00 0.5170310E+00 0.5092864E+00 0.4924997E+00 0.4291603E+00
 0.8141455E+00 0.8139084E+00 0.8134774E+00 0.8128447E+00 0.8119989E+00 0.8109239E+00 0.8095986E+00 0.8079956E+00 0.8060797E+00 0.8038057E+00 0.8011155E+00 0.7979340E+00 0.7941623E+00 0.7896688E+00 0.7842745E+00 0.7777297E+00 0.7696750E+00 0.7595721E+00 0.7465725E+00 0.7292424E+00 0.7049147E+00 0.6678547E+00 0.6023663E+00 0.4388448E+00
 0.8139084E+00 0.8136716E+00 0.8132412E+00 0.8126096E+00 0.8117650E+00 0.8106916E+00 0.8093682E+00 0.8077675E+00 0.8058543E+00 0.8035835E+00 0.8008971E+00 0.7977198E+00 0.7939531E+00 0.7894653E+00 0.7840777E+00 0.7775406E+00 0.7694948E+00 0.7594025E+00 0.7464153E+00 0.7291003E+00 0.7047909E+00 0.6677537E+00 0.6022953E+00 0.4388194E+00
 0.8134774E+00 0.8132412E+00 0.8128121E+00 0.8121821E+00 0.8113398E+00 0.8102693E+00 0.8089495E+00 0.8073530E+00 0.8054447E+00 0.8031797E+00 0.8005000E+00 0.7973305E+00 0.7935728E+00 0.7890954E+00 0.7837197E+00 0.7771966E+00 0.7691671E+00 0.7590939E+00 0.7461295E+00 0.7288417E+00 0.7045656E+00 0.6675699E+00 0.6021662E+00 0.4387732E+00
 0.8128447E+00 0.8126096E+00 0.8121821E+00 0.8115547E+00 0.8107157E+00 0.8096494E+00 0.8083347E+00 0.8067444E+00 0.8048434E+00 0.8025868E+00 0.7999169E+00 0.7967588E+00 0.7930142E+00 0.7885520E+00 0.7831939E+00 0.7766912E+00 0.7686856E+00 0.7586405E+00 0.7457094E+00 0.7284616E+00 0.7042342E+00 0.6672995E+00 0.6019761E+00 0.4387053E+00
 0.8119989E+00 0.8117650E+00 0.8113398E+00 0.8107157E+00 0.8098812E+00 0.8088205E+00 0.8075126E+00 0.8059305E+00 0.8040391E+00 0.8017938E+00 0.7991370E+00 0.7959940E+00 0.7922669E+00 0.7878250E+00 0.7824903E+00 0.7760148E+00 0.7680410E+00 0.7580334E+00 0.7451467E+00 0.7279523E+00 0.7037900E+00 0.6669369E+00 0.6017211E+00 0.4386140E+00
 0.8109239E+00 0.8106916E+00 0.8102693E+00 0.8096494E+00 0.8088205E+00 0.8077668E+00 0.8064676E+00 0.8048957E+00 0.8030166E+00 0.8007855E+00 0.7981452E+00 0.7950214E+00 0.7913164E+00 0.7869000E+00 0.7815949E+00 0.7751539E+00 0.7672204E+00 0.7572602E+00 0.7444299E+00 0.7273032E+00 0.7032237E+00 0.6664742E+00 0.6013956E+00 0.4384974E+00
 0.8095986E+00 0.8093682E+00 0.8089495E+00 0.8083347E+00 0.8075126E+00 0.8064676E+00 0.8051789E+00 0.8036197E+00 0.8017554E+00 0.7995417E+00 0.7969216E+00 0.7938212E+00 0.7901432E+00 0.7857581E+00 0.7804894E+00 0.7740906E+00 0.7662066E+00 0.7563046E+00 0.7435436E+00 0.7265002E+00 0.7025226E+00 0.6659011E+00 0.6009919E+00 0.4383527E+00
 0.8079956E+00 0.8077675E+00 0.8073530E+00 0.8067444E+00 0.8059305E+00 0.8048957E+00 0.8036197E+00 0.8020755E+00 0.8002290E+00 0.7980362E+00 0.7954403E+00 0.7923679E+00 0.7887224E+00 0.7843749E+00 0.7791498E+00 0.7728017E+00 0.7649771E+00 0.7551453E+00 0.7424677E+00 0.7255248E+00 0.7016704E+00 0.6652039E+00 0.6005004E+00 0.4381763E+00
 0.8060797E+00 0.8058543E+00 0.8054447E+00 0.8048434E+00 0.8040391E+00 0.8030166E+00 0.8017554E+00 0.8002290E+00 0.7984036E+00 0.7962353E+00 0.7936681E+00 0.7906288E+00 0.7870217E+00 0.7827187E+00 0.7775452E+00 0.7712573E+00 0.7635033E+00 0.7537547E+00 0.7411764E+00 0.7243533E+00 0.7006459E+00 0.6643648E+00 0.5999081E+00 0.4379634E+00
 0.8038057E+00 0.8035835E+00 0.8031797E+00 0.8025868E+00 0.8017938E+00 0.8007855E+00 0.7995417E+00 0.7980362E+00 0.7962353E+00 0.7940959E+00 0.7915621E+00 0.7885617E+00 0.7849996E+00 0.7807488E+00 0.7756359E+00 0.7694188E+00 0.7617478E+00 0.7520974E+00 0.7396361E+00 0.7229546E+00 0.6994214E+00 0.6633606E+00 0.5991982E+00 0.4377078E+00
 0.8011155E+00 0.8008971E+00 0.8005000E+00 0.7999169E+00 0.7991370E+00 0.7981452E+00 0.7969216E+00 0.7954403E+00 0.7936681E+00 0.7915621E+00 0.7890674E+00 0.7861123E+00 0.7826026E+00 0.7784127E+00 0.7733707E+00 0.7672363E+00 0.7596625E+00 0.7501271E+00 0.7378035E+00 0.7212887E+00 0.6979611E+00 0.6621612E+00 0.5983490E+00 0.4374015E+00
 0.7979340E+00 0.7977198E+00 0.7973305E+00 0.7967588E+00 0.7959940E+00 0.7950214E+00 0.7938212E+00 0.7923679E+00 0.7906288E+00 0.7885617E+00 0.7861123E+00 0.7832097E+00 0.7797611E+00 0.7756420E+00 0.7706825E+00 0.7646447E+00 0.7571844E+00 0.7477837E+00 0.7356215E+00 0.7193027E+00 0.6962177E+00 0.6607268E+00 0.5973311E+00 0.4370334E+00
 0.7941623E+00 0.7939531E+00 0.7935728E+00 0.7930142E+00 0.7922669E+00 0.7913164E+00 0.7901432E+00 0.7887224E+00 0.7870217E+00 0.7849996E+00 0.7826026E+00 0.7797611E+00 0.7763834E+00 0.7723467E+00 0.7674833E+00 0.7615580E+00 0.7542304E+00 0.7449874E+00 0.7330145E+00 0.7169265E+00 0.6941280E+00 0.6590039E+00 0.5961057E+00 0.4365890E+00
 0.7896688E+00 0.7894653E+00 0.7890954E+00 0.7885520E+00 0.7878250E+00 0.7869000E+00 0.7857581E+00 0.7843749E+00 0.7827187E+00 0.7807488E+00 0.7784127E+00 0.7756420E+00 0.7723467E+00 0.7684059E+00 0.7636546E+00 0.7578608E+00 0.7506885E+00 0.7416305E+00 0.7298805E+00 0.7140649E+00 0.6916063E+00 0.6569196E+00 0.5946188E+00 0.4360480E+00
 0.7842745E+00 0.7840777E+00 0.7837197E+00 0.7831939E+00 0.7824903E+00 0.7815949E+00 0.7804894E+00 0.7791498E+00 0.7775452E+00 0.7756359E+00 0.7733707E+00 0.7706825E+00 0.7674833E+00 0.7636546E+00 0.7590343E+00 0.7533947E+00 0.7464048E+00 0.7375648E+00 0.7260783E+00 0.7105862E+00 0.6885334E+00 0.6543722E+00 0.5927954E+00 0.4353817E+00
 0.7777297E+00 0.7775406E+00 0.7771966E+00 0.7766912E+00 0.7760148E+00 0.7751539E+00 0.7740906E+00 0.7728017E+00 0.7712573E+00 0.7694188E+00 0.7672363E+00 0.7646447E+00 0.7615580E+00 0.7578608E+00 0.7533947E+00 0.7479366E+00 0.7411625E+00 0.7325809E+00 0.7214082E+00 0.7063031E+00 0.6847388E+00 0.6512156E+00 0.5905262E+00 0.4345483E+00
 0.7696750E+00 0.7694948E+00 0.7691671E+00 0.7686856E+00 0.7680410E+00 0.7672204E+00 0.7662066E+00 0.7649771E+00 0.7635033E+00 0.7617478E+00 0.7596625E+00 0.7571844E+00 0.7542304E+00 0.7506885E+00 0.7464048E+00 0.7411625E+00 0.7346451E+00 0.7263727E+00 0.7155770E+00 0.7009400E+00 0.6799707E+00 0.6472321E+00 0.5876480E+00 0.4334843E+00
 0.7595721E+00 0.7594025E+00 0.7590939E+00 0.7586405E+00 0.7580334E+00 0.7572602E+00 0.7563046E+00 0.7551453E+00 0.7537547E+00 0.7520974E+00 0.7501271E+00 0.7477837E+00 0.7449874E+00 0.7416305E+00 0.7375648E+00 0.7325809E+00 0.7263727E+00 0.7184742E+00 0.7081371E+00 0.6940735E+00 0.6738401E+00 0.6420835E+00 0.5839040E+00 0.4320889E+00
 0.7465725E+00 0.7464153E+00 0.7461295E+00 0.7457094E+00 0.7451467E+00 0.7444299E+00 0.7435436E+00 0.7424677E+00 0.7411764E+00 0.7396361E+00 0.7378035E+00 0.7356215E+00 0.7330145E+00 0.7298805E+00 0.7260783E+00 0.7214082E+00 0.7155770E+00 0.7081371E+00 0.6983668E+00 0.6850182E+00 0.6657132E+00 0.6352136E+00 0.5788675E+00 0.4301917E+00
 0.7292424E+00 0.7291003E+00 0.7288417E+00 0.7284616E+00 0.7279523E+00 0.7273032E+00 0.7265002E+00 0.7255248E+00 0.7243533E+00 0.7229546E+00 0.7212887E+00 0.7193027E+00 0.7169265E+00 0.7140649E+00 0.7105862E+00 0.7063031E+00 0.7009400E+00 0.6940735E+00 0.6850182E+00 0.6725822E+00 0.6544790E+00 0.6256382E+00 0.5717728E+00 0.4274797E+00
 0.7049147E+00 0.7047909E+00 0.7045656E+00 0.7042342E+00 0.7037900E+00 0.7032237E+00 0.7025226E+00 0.7016704E+00 0.7006459E+00 0.6994214E+00 0.6979611E+00 0.6962177E+00 0.6941280E+00 0.6916063E+00 0.6885334E+00 0.6847388E+00 0.6799707E+00 0.6738401E+00 0.6657132E+00 0.6544790E+00 0.6379887E+00 0.6114301E+00 0.5610936E+00 0.4233112E+00
 0.6678547E+00 0.6677537E+00 0.6675699E+00 0.6672995E+00 0.6669369E+00 0.6664742E+00 0.6659011E+00 0.6652039E+00 0.6643648E+00 0.6633606E+00 0.6621612E+00 0.6607268E+00 0.6590039E+00 0.6569196E+00 0.6543722E+00 0.6512156E+00 0.6472321E+00 0.6420835E+00 0.6352136E+00 0.6256382E+00 0.6114301E+00 0.5882108E+00 0.5432815E+00 0.4161284E+00
 0.6023663E+00 0.6022953E+00 0.6021662E+00 0.6019761E+00 0.6017211E+00 0.6013956E+00 0.6009919E+00 0.6005004E+00 0.5999081E+00 0.5991982E+00 0.5983490E+00 0.5973311E+00 0.5961057E+00 0.5946188E+00 0.5927954E+00 0.5905262E+00 0.5876480E+00 0.5839040E+00 0.5788675E+00 0.5717728E+00 0.5610936E+00 0.5432815E+00 0.5077075E+00 0.4009261E+00
 0.4388448E+00 0.4388194E+00 0.4387732E+00 0.4387053E+00 0.4386140E+00 0.4384974E+00 0.4383527E+00 0.4381763E+00 0.4379634E+00 0.4377078E+00 0.4374015E+00 0.4370334E+00 0.4365890E+00 0.4360480E+00 0.4353817E+00 0.4345483E+00 0.4334843E+00 0.4320889E+00 0.4301917E+00 0.4274797E+00 0.4233112E+00 0.4161284E+00 0.4009261E+00 0.3482001E+00
 0.7722388E+00 0.7719570E+00 0.7714450E+00 0.7706937E+00 0.7696897E+00 0.7684144E+00 0.7668433E+00 0.7649448E+00 0.7626781E+00 0.7599911E+00 0.7568172E+00 0.7530699E+00 0.7486361E+00 0.7433657E+00 0.7370550E+00 0.7294208E+00 0.7200573E+00 0.7083594E+00 0.6933788E+00 0.6735274E+00 0.6458933E+00 0.6043852E+00 0.5333400E+00 0.3754959E+00
 0.7719570E+00 0.7716757E+00 0.7711646E+00 0.7704145E+00 0.7694121E+00 0.7681389E+00 0.7665703E+00 0.7646748E+00 0.7624116E+00 0.7597289E+00 0.7565597E+00 0.7528179E+00 0.7483905E+00 0.7431273E+00 0.7368250E+00 0.7292005E+00 0.7198482E+00 0.7081634E+00 0.6931982E+00 0.6733652E+00 0.6457534E+00 0.6042732E+00 0.5332650E+00 0.3754741E+00
 0.7714450E+00 0.7711646E+00 0.7706549E+00 0.7699071E+00 0.7689077E+00 0.7676382E+00 0.7660743E+00 0.7641842E+00 0.7619275E+00 0.7592522E+00 0.7560917E+00 0.7523598E+00 0.7479439E+00 0.7426940E+00 0.7364069E+00 0.7287999E+00 0.7194680E+00 0.7078070E+00 0.6928697E+00 0.6730700E+00 0.6454988E+00 0.6040694E+00 0.5331284E+00 0.3754344E+00
 0.7706937E+00 0.7704145E+00 0.7699071E+00 0.7691625E+00 0.7681675E+00 0.7669035E+00 0.7653462E+00 0.7634642E+00 0.7612168E+00 0.7585525E+00 0.7554047E+00 0.7516874E+00 0.7472883E+00 0.7420577E+00 0.7357928E+00 0.7282116E+00 0.7189095E+00 0.7072832E+00 0.6923870E+00 0.6726362E+00 0.6451244E+00 0.6037696E+00 0.5329275E+00 0.3753759E+00
 0.7696897E+00 0.7694121E+00 0.7689077E+00 0.7681675E+00 0.7671782E+00 0.7659215E+00 0.7643731E+00 0.7625017E+00 0.7602668E+00 0.7576170E+00 0.7544860E+00 0.7507882E+00 0.7464115E+00 0.7412066E+00 0.7349713E+00 0.7274243E+00 0.7181619E+00 0.7065821E+00 0.6917405E+00 0.6720551E+00 0.6446227E+00 0.6033675E+00 0.5326581E+00 0.3752975E+00
 0.7684144E+00 0.7681389E+00 0.7676382E+00 0.7669035E+00 0.7659215E+00 0.7646740E+00 0.7631368E+00 0.7612787E+00 0.7590596E+00 0.7564282E+00 0.7533184E+00 0.7496452E+00 0.7452966E+00 0.7401242E+00 0.7339264E+00 0.7264227E+00 0.7172105E+00 0.7056894E+00 0.6909172E+00 0.6713145E+00 0.6439831E+00 0.6028548E+00 0.5323141E+00 0.3751973E+00
 0.7668433E+00 0.7665703E+00 0.7660743E+00 0.7653462E+00 0.7643731E+00 0.7631368E+00 0.7616133E+00 0.7597715E+00 0.7575717E+00 0.7549626E+00 0.7518789E+00 0.7482356E+00 0.7439215E+00 0.7387889E+00 0.7326369E+00 0.7251861E+00 0.7160356E+00 0.7045866E+00 0.6898995E+00 0.6703987E+00 0.6431915E+00 0.6022197E+00 0.5318878E+00 0.3750730E+00
 0.7649448E+00 0.7646748E+00 0.7641842E+00 0.7634642E+00 0.7625017E+00 0.7612787E+00 0.7597715E+00 0.7579493E+00 0.7557724E+00 0.7531901E+00 0.7501374E+00 0.7465300E+00 0.7422573E+00 0.7371722E+00 0.7310752E+00 0.7236880E+00 0.7146115E+00 0.7032492E+00 0.6886646E+00 0.6692867E+00 0.6422297E+00 0.6014475E+00 0.5313688E+00 0.3749215E+00
 0.7626781E+00 0.7624116E+00 0.7619275E+00 0.7612168E+00 0.7602668E+00 0.7590596E+00 0.7575717E+00 0.7557724E+00 0.7536225E+00 0.7510719E+00 0.7480558E+00 0.7444906E+00 0.7402667E+00 0.7352380E+00 0.7292059E+00 0.7218941E+00 0.7129053E+00 0.7016459E+00 0.6871832E+00 0.6679516E+00 0.6410739E+00 0.6005184E+00 0.5307437E+00 0.3747387E+00
 0.7599911E+00 0.7597289E+00 0.7592522E+00 0.7585525E+00 0.7576170E+00 0.7564282E+00 0.7549626E+00 0.7531901E+00 0.7510719E+00 0.7485581E+00 0.7455848E+00 0.7420691E+00 0.7379023E+00 0.7329394E+00 0.7269835E+00 0.7197600E+00 0.7108743E+00 0.6997360E+00 0.6854171E+00 0.6663585E+00 0.6396932E+00 0.5994073E+00 0.5299951E+00 0.3745194E+00
 0.7568172E+00 0.7565597E+00 0.7560917E+00 0.7554047E+00 0.7544860E+00 0.7533184E+00 0.7518789E+00 0.7501374E+00 0.7480558E+00 0.7455848E+00 0.7426612E+00 0.7392030E+00 0.7351025E+00 0.7302163E+00 0.7243492E+00 0.7172290E+00 0.7084638E+00 0.6974674E+00 0.6833171E+00 0.6644621E+00 0.6380476E+00 0.5980811E+00 0.5291000E+00 0.3742565E+00
 0.7530699E+00 0.7528179E+00 0.7523598E+00 0.7516874E+00 0.7507882E+00 0.7496452E+00 0.7482356E+00 0.7465300E+00 0.7444906E+00 0.7420691E+00 0.7392030E+00 0.7358113E+00 0.7317877E+00 0.7269906E+00 0.7212267E+00 0.7142265E+00 0.7056019E+00 0.6947714E+00 0.6808189E+00 0.6622031E+00 0.6360844E+00 0.5964961E+00 0.5280282E+00 0.3739410E+00
 0.7486361E+00 0.7483905E+00 0.7479439E+00 0.7472883E+00 0.7464115E+00 0.7452966E+00 0.7439215E+00 0.7422573E+00 0.7402667E+00 0.7379023E+00 0.7351025E+00 0.7317877E+00 0.7278533E+00 0.7231593E+00 0.7175153E+00 0.7106549E+00 0.7021942E+00 0.6915575E+00 0.6778369E+00 0.6595027E+00 0.6337335E+00 0.5945942E+00 0.5267391E+00 0.3735602E+00
 0.7433657E+00 0.7431273E+00 0.7426940E+00 0.7420577E+00 0.7412066E+00 0.7401242E+00 0.7387889E+00 0.7371722E+00 0.7352380E+00 0.7329394E+00 0.7302163E+00 0.7269906E+00 0.7231593E+00 0.7185851E+00 0.7130804E+00 0.7063828E+00 0.6981136E+00 0.6877040E+00 0.6742560E+00 0.6562541E+00 0.6308995E+00 0.5922962E+00 0.5251769E+00 0.3730970E+00
 0.7370550E+00 0.7368250E+00 0.7364069E+00 0.7357928E+00 0.7349713E+00 0.7339264E+00 0.7326369E+00 0.7310752E+00 0.7292059E+00 0.7269835E+00 0.7243492E+00 0.7212267E+00 0.7175153E+00 0.7130804E+00 0.7077381E+00 0.7012308E+00 0.6931861E+00 0.6830438E+00 0.6699177E+00 0.6523104E+00 0.6274508E+00 0.5894916E+00 0.5232640E+00 0.3725270E+00
 0.7294208E+00 0.7292005E+00 0.7287999E+00 0.7282116E+00 0.7274243E+00 0.7264227E+00 0.7251861E+00 0.7236880E+00 0.7218941E+00 0.7197600E+00 0.7172290E+00 0.7142265E+00 0.7106549E+00 0.7063828E+00 0.7012308E+00 0.6949472E+00 0.6871672E+00 0.6773411E+00 0.6645981E+00 0.6474628E+00 0.6231994E+00 0.5860226E+00 0.5208881E+00 0.3718151E+00
 0.7200573E+00 0.7198482E+00 0.7194680E+00 0.7189095E+00 0.7181619E+00 0.7172105E+00 0.7160356E+00 0.7146115E+00 0.7129053E+00 0.7108743E+00 0.7084638E+00 0.7056019E+00 0.7021942E+00 0.6981136E+00 0.6931861E+00 0.6871672E+00 0.6797016E+00 0.6702534E+00 0.6579703E+00 0.6414056E+00 0.6178690E+00 0.5816551E+00 0.5178816E+00 0.3709075E+00
 0.7083594E+00 0.7081634E+00 0.7078070E+00 0.7072832E+00 0.7065821E+00 0.7056894E+00 0.7045866E+00 0.7032492E+00 0.7016459E+00 0.6997360E+00 0.6974674E+00 0.6947714E+00 0.6915575E+00 0.6877040E+00 0.6830438E+00 0.6773411E+00 0.6702534E+00 0.6612612E+00 0.6495374E+00 0.6336721E+00 0.6110351E+00 0.5760276E+00 0.5139832E+00 0.3697197E+00
 0.6933788E+00 0.6931982E+00 0.6928697E+00 0.6923870E+00 0.6917405E+00 0.6909172E+00 0.6898995E+00 0.6886646E+00 0.6871832E+00 0.6854171E+00 0.6833171E+00 0.6808189E+00 0.6778369E+00 0.6742560E+00 0.6699177E+00 0.6645981E+00 0.6579703E+00 0.6495374E+00 0.6385046E+00 0.6235122E+00 0.6020115E+00 0.5685501E+00 0.5087614E+00 0.3681090E+00
 0.6735274E+00 0.6733652E+00 0.6730700E+00 0.6726362E+00 0.6720551E+00 0.6713145E+00 0.6703987E+00 0.6692867E+00 0.6679516E+00 0.6663585E+00 0.6644621E+00 0.6622031E+00 0.6595027E+00 0.6562541E+00 0.6523104E+00 0.6474628E+00 0.6414056E+00 0.6336721E+00 0.6235122E+00 0.6096357E+00 0.5896091E+00 0.5581905E+00 0.5014496E+00 0.3658154E+00
 0.6458933E+00 0.6457534E+00 0.6454988E+00 0.6451244E+00 0.6446227E+00 0.6439831E+00 0.6431915E+00 0.6422297E+00 0.6410739E+00 0.6396932E+00 0.6380476E+00 0.6360844E+00 0.6337335E+00 0.6308995E+00 0.6274508E+00 0.6231994E+00 0.6178690E+00 0.6110351E+00 0.6020115E+00 0.5896091E+00 0.5715661E+00 0.5429612E+00 0.4905438E+00 0.3623098E+00
