 1
 0.6188399E+00 0.6184973E+00 0.6178752E+00 0.6169644E+00 0.6157501E+00 0.6142135E+00 0.6123284E+00 0.6100625E+00 0.6073743E+00 0.6042116E+00 0.6005090E+00 0.5961834E+00 0.5911291E+00 0.5852093E+00 0.5782455E+00 0.5699993E+00 0.5601450E+00 0.5482245E+00 0.5335677E+00 0.5151403E+00 0.4912204E+00 0.4585696E+00 0.4095839E+00 0.3130230E+00
 0.6184973E+00 0.6181554E+00 0.6175350E+00 0.6166262E+00 0.6154152E+00 0.6138821E+00 0.6120018E+00 0.6097413E+00 0.6070595E+00 0.6039042E+00 0.6002102E+00 0.5958944E+00 0.5908510E+00 0.5849438E+00 0.5779942E+00 0.5697641E+00 0.5599282E+00 0.5480285E+00 0.5333950E+00 0.5149942E+00 0.4911042E+00 0.4584862E+00 0.4095356E+00 0.3130090E+00
 0.6178752E+00 0.6175350E+00 0.6169174E+00 0.6160128E+00 0.6148071E+00 0.6132809E+00 0.6114088E+00 0.6091583E+00 0.6064882E+00 0.6033463E+00 0.5996677E+00 0.5953693E+00 0.5903461E+00 0.5844617E+00 0.5775379E+00 0.5693371E+00 0.5595342E+00 0.5476719E+00 0.5330812E+00 0.5147285E+00 0.4908924E+00 0.4583343E+00 0.4094478E+00 0.3129834E+00
 0.6169644E+00 0.6166262E+00 0.6160128E+00 0.6151142E+00 0.6139165E+00 0.6124004E+00 0.6105405E+00 0.6083042E+00 0.6056510E+00 0.6025289E+00 0.5988727E+00 0.5946001E+00 0.5896060E+00 0.5837549E+00 0.5768689E+00 0.5687107E+00 0.5589564E+00 0.5471492E+00 0.5326206E+00 0.5143384E+00 0.4905816E+00 0.4581112E+00 0.4093186E+00 0.3129459E+00
 0.6157501E+00 0.6154152E+00 0.6148071E+00 0.6139165E+00 0.6127294E+00 0.6112265E+00 0.6093828E+00 0.6071658E+00 0.6045349E+00 0.6014388E+00 0.5978123E+00 0.5935738E+00 0.5886187E+00 0.5828117E+00 0.5759757E+00 0.5678743E+00 0.5581844E+00 0.5464504E+00 0.5320048E+00 0.5138166E+00 0.4901655E+00 0.4578123E+00 0.4091453E+00 0.3128954E+00
 0.6142135E+00 0.6138821E+00 0.6132809E+00 0.6124004E+00 0.6112265E+00 0.6097404E+00 0.6079167E+00 0.6057239E+00 0.6031212E+00 0.6000576E+00 0.5964688E+00 0.5922733E+00 0.5873671E+00 0.5816156E+00 0.5748429E+00 0.5668132E+00 0.5572046E+00 0.5455631E+00 0.5312223E+00 0.5131529E+00 0.4896359E+00 0.4574315E+00 0.4089242E+00 0.3128310E+00
 0.6123284E+00 0.6120018E+00 0.6114088E+00 0.6105405E+00 0.6093828E+00 0.6079167E+00 0.6061178E+00 0.6039542E+00 0.6013859E+00 0.5983621E+00 0.5948189E+00 0.5906757E+00 0.5858292E+00 0.5801455E+00 0.5734497E+00 0.5655076E+00 0.5559985E+00 0.5444700E+00 0.5302579E+00 0.5123343E+00 0.4889818E+00 0.4569606E+00 0.4086505E+00 0.3127510E+00
 0.6100625E+00 0.6097413E+00 0.6091583E+00 0.6083042E+00 0.6071658E+00 0.6057239E+00 0.6039542E+00 0.6018255E+00 0.5992979E+00 0.5963214E+00 0.5928329E+00 0.5887519E+00 0.5839763E+00 0.5783737E+00 0.5717699E+00 0.5639325E+00 0.5545425E+00 0.5431495E+00 0.5290916E+00 0.5113433E+00 0.4881890E+00 0.4563889E+00 0.4083174E+00 0.3126533E+00
 0.6073743E+00 0.6070595E+00 0.6064882E+00 0.6056510E+00 0.6045349E+00 0.6031212E+00 0.6013859E+00 0.5992979E+00 0.5968184E+00 0.5938971E+00 0.5904725E+00 0.5864649E+00 0.5817728E+00 0.5762653E+00 0.5697699E+00 0.5620558E+00 0.5528062E+00 0.5415732E+00 0.5276980E+00 0.5101577E+00 0.4872390E+00 0.4557024E+00 0.4079166E+00 0.3125357E+00
 0.6042116E+00 0.6039042E+00 0.6033463E+00 0.6025289E+00 0.6014388E+00 0.6000576E+00 0.5983621E+00 0.5963214E+00 0.5938971E+00 0.5910408E+00 0.5876902E+00 0.5837674E+00 0.5791727E+00 0.5737760E+00 0.5674069E+00 0.5598368E+00 0.5507514E+00 0.5397061E+00 0.5260449E+00 0.5087491E+00 0.4861082E+00 0.4548835E+00 0.4074371E+00 0.3123942E+00
 0.6005090E+00 0.6002102E+00 0.5996677E+00 0.5988727E+00 0.5978123E+00 0.5964688E+00 0.5948189E+00 0.5928329E+00 0.5904725E+00 0.5876902E+00 0.5844251E+00 0.5806007E+00 0.5761181E+00 0.5708496E+00 0.5646267E+00 0.5572237E+00 0.5483290E+00 0.5375018E+00 0.5240906E+00 0.5070808E+00 0.4847662E+00 0.4539090E+00 0.4068645E+00 0.3122248E+00
 0.5961834E+00 0.5958944E+00 0.5953693E+00 0.5946001E+00 0.5935738E+00 0.5922733E+00 0.5906757E+00 0.5887519E+00 0.5864649E+00 0.5837674E+00 0.5806007E+00 0.5768889E+00 0.5725353E+00 0.5674144E+00 0.5613603E+00 0.5541499E+00 0.5454762E+00 0.5349022E+00 0.5217816E+00 0.5051055E+00 0.4831730E+00 0.4527484E+00 0.4061800E+00 0.3120211E+00
 0.5911291E+00 0.5908510E+00 0.5903461E+00 0.5896060E+00 0.5886187E+00 0.5873671E+00 0.5858292E+00 0.5839763E+00 0.5817728E+00 0.5791727E+00 0.5761181E+00 0.5725353E+00 0.5683297E+00 0.5633783E+00 0.5575182E+00 0.5505302E+00 0.5421113E+00 0.5318308E+00 0.5190480E+00 0.5027614E+00 0.4812764E+00 0.4513615E+00 0.4053580E+00 0.3117752E+00
 0.5852093E+00 0.5849438E+00 0.5844617E+00 0.5837549E+00 0.5828117E+00 0.5816156E+00 0.5801455E+00 0.5783737E+00 0.5762653E+00 0.5737760E+00 0.5708496E+00 0.5674144E+00 0.5633783E+00 0.5586212E+00 0.5529840E+00 0.5462521E+00 0.5381281E+00 0.5281873E+00 0.5157974E+00 0.4999655E+00 0.4790063E+00 0.4496940E+00 0.4043643E+00 0.3114756E+00
 0.5782455E+00 0.5779942E+00 0.5775379E+00 0.5768689E+00 0.5759757E+00 0.5748429E+00 0.5734497E+00 0.5717699E+00 0.5697699E+00 0.5674069E+00 0.5646267E+00 0.5613603E+00 0.5575182E+00 0.5529840E+00 0.5476033E+00 0.5411666E+00 0.5333834E+00 0.5238370E+00 0.5119052E+00 0.4966063E+00 0.4762671E+00 0.4476711E+00 0.4031504E+00 0.3111067E+00
 0.5699993E+00 0.5697641E+00 0.5693371E+00 0.5687107E+00 0.5678743E+00 0.5668132E+00 0.5655076E+00 0.5639325E+00 0.5620558E+00 0.5598368E+00 0.5572237E+00 0.5541499E+00 0.5505302E+00 0.5462521E+00 0.5411666E+00 0.5350710E+00 0.5276830E+00 0.5185960E+00 0.5072002E+00 0.4925287E+00 0.4729249E+00 0.4451870E+00 0.4016476E+00 0.3106450E+00
 0.5601450E+00 0.5599282E+00 0.5595342E+00 0.5589564E+00 0.5581844E+00 0.5572046E+00 0.5559985E+00 0.5545425E+00 0.5528062E+00 0.5507514E+00 0.5483290E+00 0.5454762E+00 0.5421113E+00 0.5381281E+00 0.5333834E+00 0.5276830E+00 0.5207546E+00 0.5122045E+00 0.5014393E+00 0.4875114E+00 0.4687871E+00 0.4420871E+00 0.3997530E+00 0.3100553E+00
 0.5482245E+00 0.5480285E+00 0.5476719E+00 0.5471492E+00 0.5464504E+00 0.5455631E+00 0.5444700E+00 0.5431495E+00 0.5415732E+00 0.5397061E+00 0.5375018E+00 0.5349022E+00 0.5318308E+00 0.5281873E+00 0.5238370E+00 0.5185960E+00 0.5122045E+00 0.5042858E+00 0.4942669E+00 0.4812271E+00 0.4635650E+00 0.4381371E+00 0.3973080E+00 0.3092814E+00
 0.5335677E+00 0.5333950E+00 0.5330812E+00 0.5326206E+00 0.5320048E+00 0.5312223E+00 0.5302579E+00 0.5290916E+00 0.5276980E+00 0.5260449E+00 0.5240906E+00 0.5217816E+00 0.5190480E+00 0.5157974E+00 0.5119052E+00 0.5072002E+00 0.5014393E+00 0.4942669E+00 0.4851383E+00 0.4731695E+00 0.4568063E+00 0.4329619E+00 0.3940524E+00 0.3082281E+00
 0.5151403E+00 0.5149942E+00 0.5147285E+00 0.5143384E+00 0.5138166E+00 0.5131529E+00 0.5123343E+00 0.5113433E+00 0.5101577E+00 0.5087491E+00 0.5070808E+00 0.5051055E+00 0.5027614E+00 0.4999655E+00 0.4966063E+00 0.4925287E+00 0.4875114E+00 0.4812271E+00 0.4731695E+00 0.4625069E+00 0.4477556E+00 0.4259225E+00 0.3895288E+00 0.3067201E+00
 0.4912204E+00 0.4911042E+00 0.4908924E+00 0.4905816E+00 0.4901655E+00 0.4896359E+00 0.4889818E+00 0.4881890E+00 0.4872390E+00 0.4861082E+00 0.4847662E+00 0.4831730E+00 0.4812764E+00 0.4790063E+00 0.4762671E+00 0.4729249E+00 0.4687871E+00 0.4635650E+00 0.4568063E+00 0.4477556E+00 0.4350395E+00 0.4158248E+00 0.3828483E+00 0.3043962E+00
 0.4585696E+00 0.4584862E+00 0.4583343E+00 0.4581112E+00 0.4578123E+00 0.4574315E+00 0.4569606E+00 0.4563889E+00 0.4557024E+00 0.4548835E+00 0.4539090E+00 0.4527484E+00 0.4513615E+00 0.4496940E+00 0.4476711E+00 0.4451870E+00 0.4420871E+00 0.4381371E+00 0.4329619E+00 0.4259225E+00 0.4158248E+00 0.4001224E+00 0.3720142E+00 0.3003711E+00
 0.4095839E+00 0.4095356E+00 0.4094478E+00 0.4093186E+00 0.4091453E+00 0.4089242E+00 0.4086505E+00 0.4083174E+00 0.4079166E+00 0.4074371E+00 0.4068645E+00 0.4061800E+00 0.4053580E+00 0.4043643E+00 0.4031504E+00 0.4016476E+00 0.3997530E+00 0.3973080E+00 0.3940524E+00 0.3895288E+00 0.3828483E+00 0.3720142E+00 0.3512987E+00 0.2917371E+00
 0.3130230E+00 0.3130090E+00 0.3129834E+00 0.3129459E+00 0.3128954E+00 0.3128310E+00 0.3127510E+00 0.3126533E+00 0.3125357E+00 0.3123942E+00 0.3122248E+00 0.3120211E+00 0.3117752E+00 0.3114756E+00 0.3111067E+00 0.3106450E+00 0.3100553E+00 0.3092814E+00 0.3082281E+00 0.3067201E+00 0.3043962E+00 0.3003711E+00 0.2917371E+00 0.2594868E+00
 2
 0.6112525E+00 0.6109015E+00 0.6102645E+00 0.6093314E+00 0.6080877E+00 0.6065134E+00 0.6045821E+00 0.6022606E+00 0.5995061E+00 0.5962652E+00 0.5924704E+00 0.5880363E+00 0.5828541E+00 0.5767831E+00 0.5696397E+00 0.5611778E+00 0.5510620E+00 0.5388191E+00 0.5237570E+00 0.5048066E+00 0.4801865E+00 0.4465492E+00 0.3960685E+00 0.2971792E+00
 0.6109015E+00 0.6105514E+00 0.6099160E+00 0.6089851E+00 0.6077445E+00 0.6061740E+00 0.6042476E+00 0.6019316E+00 0.5991836E+00 0.5959502E+00 0.5921641E+00 0.5877397E+00 0.5825688E+00 0.5765108E+00 0.5693819E+00 0.5609366E+00 0.5508392E+00 0.5386176E+00 0.5235796E+00 0.5046563E+00 0.4800668E+00 0.4464633E+00 0.3960187E+00 0.2971650E+00
 0.6102645E+00 0.6099160E+00 0.6092832E+00 0.6083567E+00 0.6071216E+00 0.6055582E+00 0.6036403E+00 0.6013343E+00 0.5985981E+00 0.5953784E+00 0.5916079E+00 0.5872017E+00 0.5820512E+00 0.5760164E+00 0.5689136E+00 0.5604982E+00 0.5504347E+00 0.5382515E+00 0.5232569E+00 0.5043829E+00 0.4798489E+00 0.4463068E+00 0.3959283E+00 0.2971390E+00
 0.6093314E+00 0.6089851E+00 0.6083567E+00 0.6074362E+00 0.6062093E+00 0.6046560E+00 0.6027504E+00 0.6004593E+00 0.5977403E+00 0.5945406E+00 0.5907930E+00 0.5864130E+00 0.5812923E+00 0.5752913E+00 0.5682272E+00 0.5598553E+00 0.5498413E+00 0.5377143E+00 0.5227835E+00 0.5039816E+00 0.4795288E+00 0.4460769E+00 0.3957953E+00 0.2971010E+00
 0.6080877E+00 0.6077445E+00 0.6071216E+00 0.6062093E+00 0.6049932E+00 0.6034534E+00 0.6015642E+00 0.5992926E+00 0.5965965E+00 0.5934232E+00 0.5897060E+00 0.5853608E+00 0.5802797E+00 0.5743239E+00 0.5673108E+00 0.5589969E+00 0.5490488E+00 0.5369965E+00 0.5221504E+00 0.5034447E+00 0.4791004E+00 0.4457688E+00 0.3956167E+00 0.2970497E+00
 0.6065134E+00 0.6061740E+00 0.6055582E+00 0.6046560E+00 0.6034534E+00 0.6019306E+00 0.6000620E+00 0.5978150E+00 0.5951476E+00 0.5920077E+00 0.5883288E+00 0.5840274E+00 0.5789962E+00 0.5730971E+00 0.5661483E+00 0.5579077E+00 0.5480427E+00 0.5360848E+00 0.5213460E+00 0.5027620E+00 0.4785549E+00 0.4453764E+00 0.3953891E+00 0.2969843E+00
 0.6045821E+00 0.6042476E+00 0.6036403E+00 0.6027504E+00 0.6015642E+00 0.6000620E+00 0.5982187E+00 0.5960015E+00 0.5933690E+00 0.5902695E+00 0.5866373E+00 0.5823892E+00 0.5774189E+00 0.5715888E+00 0.5647187E+00 0.5565673E+00 0.5468040E+00 0.5349618E+00 0.5203544E+00 0.5019197E+00 0.4778814E+00 0.4448910E+00 0.3951071E+00 0.2969032E+00
 0.6022606E+00 0.6019316E+00 0.6013343E+00 0.6004593E+00 0.5992926E+00 0.5978150E+00 0.5960015E+00 0.5938197E+00 0.5912291E+00 0.5881776E+00 0.5846010E+00 0.5804165E+00 0.5755186E+00 0.5697711E+00 0.5629950E+00 0.5549506E+00 0.5453087E+00 0.5336048E+00 0.5191552E+00 0.5008999E+00 0.4770649E+00 0.4443017E+00 0.3947641E+00 0.2968041E+00
 0.5995061E+00 0.5991836E+00 0.5985981E+00 0.5977403E+00 0.5965965E+00 0.5951476E+00 0.5933690E+00 0.5912291E+00 0.5886870E+00 0.5856923E+00 0.5821808E+00 0.5780708E+00 0.5732583E+00 0.5676079E+00 0.5609424E+00 0.5530238E+00 0.5435255E+00 0.5319852E+00 0.5177225E+00 0.4996800E+00 0.4760866E+00 0.4435943E+00 0.3943514E+00 0.2966847E+00
 0.5962652E+00 0.5959502E+00 0.5953784E+00 0.5945406E+00 0.5934232E+00 0.5920077E+00 0.5902695E+00 0.5881776E+00 0.5856923E+00 0.5827635E+00 0.5793275E+00 0.5753043E+00 0.5705908E+00 0.5650537E+00 0.5585170E+00 0.5507455E+00 0.5414149E+00 0.5300662E+00 0.5160225E+00 0.4982305E+00 0.4749220E+00 0.4427504E+00 0.3938575E+00 0.2965414E+00
 0.5924704E+00 0.5921641E+00 0.5916079E+00 0.5907930E+00 0.5897060E+00 0.5883288E+00 0.5866373E+00 0.5846010E+00 0.5821808E+00 0.5793275E+00 0.5759790E+00 0.5720559E+00 0.5674570E+00 0.5620506E+00 0.5556633E+00 0.5480622E+00 0.5389264E+00 0.5278009E+00 0.5140128E+00 0.4965137E+00 0.4735397E+00 0.4417459E+00 0.3932680E+00 0.2963695E+00
 0.5880363E+00 0.5877397E+00 0.5872017E+00 0.5864130E+00 0.5853608E+00 0.5840274E+00 0.5823892E+00 0.5804165E+00 0.5780708E+00 0.5753043E+00 0.5720559E+00 0.5682479E+00 0.5637806E+00 0.5585248E+00 0.5523097E+00 0.5449055E+00 0.5359955E+00 0.5251288E+00 0.5116382E+00 0.4944809E+00 0.4718988E+00 0.4405498E+00 0.3925630E+00 0.2961630E+00
 0.5828541E+00 0.5825688E+00 0.5820512E+00 0.5812923E+00 0.5802797E+00 0.5789962E+00 0.5774189E+00 0.5755186E+00 0.5732583E+00 0.5705908E+00 0.5674570E+00 0.5637806E+00 0.5594644E+00 0.5543816E+00 0.5483646E+00 0.5411877E+00 0.5325383E+00 0.5219714E+00 0.5088264E+00 0.4920681E+00 0.4699452E+00 0.4391203E+00 0.3917167E+00 0.2959136E+00
 0.5767831E+00 0.5765108E+00 0.5760164E+00 0.5752913E+00 0.5743239E+00 0.5730971E+00 0.5715888E+00 0.5697711E+00 0.5676079E+00 0.5650537E+00 0.5620506E+00 0.5585248E+00 0.5543816E+00 0.5494973E+00 0.5437081E+00 0.5367927E+00 0.5284447E+00 0.5182255E+00 0.5054826E+00 0.4891902E+00 0.4676068E+00 0.4374018E+00 0.3906933E+00 0.2956099E+00
 0.5696397E+00 0.5693819E+00 0.5689136E+00 0.5682272E+00 0.5673108E+00 0.5661483E+00 0.5647187E+00 0.5629950E+00 0.5609424E+00 0.5585170E+00 0.5556633E+00 0.5523097E+00 0.5483646E+00 0.5437081E+00 0.5381808E+00 0.5315674E+00 0.5235677E+00 0.5137521E+00 0.5014782E+00 0.4857321E+00 0.4647850E+00 0.4353168E+00 0.3894437E+00 0.2952359E+00
 0.5611778E+00 0.5609366E+00 0.5604982E+00 0.5598553E+00 0.5589969E+00 0.5579077E+00 0.5565673E+00 0.5549506E+00 0.5530238E+00 0.5507455E+00 0.5480622E+00 0.5449055E+00 0.5411877E+00 0.5367927E+00 0.5315674E+00 0.5253025E+00 0.5177070E+00 0.5083615E+00 0.4966365E+00 0.4815337E+00 0.4613417E+00 0.4327563E+00 0.3878962E+00 0.2947678E+00
 0.5510620E+00 0.5508392E+00 0.5504347E+00 0.5498413E+00 0.5490488E+00 0.5480427E+00 0.5468040E+00 0.5453087E+00 0.5435255E+00 0.5414149E+00 0.5389264E+00 0.5359955E+00 0.5325383E+00 0.5284447E+00 0.5235677E+00 0.5177070E+00 0.5105819E+00 0.5017864E+00 0.4907072E+00 0.4763670E+00 0.4570782E+00 0.4295613E+00 0.3859460E+00 0.2941701E+00
 0.5388191E+00 0.5386176E+00 0.5382515E+00 0.5377143E+00 0.5369965E+00 0.5360848E+00 0.5349618E+00 0.5336048E+00 0.5319852E+00 0.5300662E+00 0.5278009E+00 0.5251288E+00 0.5219714E+00 0.5182255E+00 0.5137521E+00 0.5083615E+00 0.5017864E+00 0.4936373E+00 0.4833234E+00 0.4698945E+00 0.4516973E+00 0.4254900E+00 0.3834294E+00 0.2933858E+00
 0.5237570E+00 0.5235796E+00 0.5232569E+00 0.5227835E+00 0.5221504E+00 0.5213460E+00 0.5203544E+00 0.5191552E+00 0.5177225E+00 0.5160225E+00 0.5140128E+00 0.5116382E+00 0.5088264E+00 0.5054826E+00 0.5014782E+00 0.4966365E+00 0.4907072E+00 0.4833234E+00 0.4739230E+00 0.4615938E+00 0.4447320E+00 0.4201562E+00 0.3800793E+00 0.2923187E+00
 0.5048066E+00 0.5046563E+00 0.5043829E+00 0.5039816E+00 0.5034447E+00 0.5027620E+00 0.5019197E+00 0.5008999E+00 0.4996800E+00 0.4982305E+00 0.4965137E+00 0.4944809E+00 0.4920681E+00 0.4891902E+00 0.4857321E+00 0.4815337E+00 0.4763670E+00 0.4698945E+00 0.4615938E+00 0.4506068E+00 0.4354037E+00 0.4129014E+00 0.3754255E+00 0.2907914E+00
 0.4801865E+00 0.4800668E+00 0.4798489E+00 0.4795288E+00 0.4791004E+00 0.4785549E+00 0.4778814E+00 0.4770649E+00 0.4760866E+00 0.4749220E+00 0.4735397E+00 0.4718988E+00 0.4699452E+00 0.4676068E+00 0.4647850E+00 0.4613417E+00 0.4570782E+00 0.4516973E+00 0.4447320E+00 0.4354037E+00 0.4222974E+00 0.4024971E+00 0.3685565E+00 0.2884392E+00
 0.4465492E+00 0.4464633E+00 0.4463068E+00 0.4460769E+00 0.4457688E+00 0.4453764E+00 0.4448910E+00 0.4443017E+00 0.4435943E+00 0.4427504E+00 0.4417459E+00 0.4405498E+00 0.4391203E+00 0.4374018E+00 0.4353168E+00 0.4327563E+00 0.4295613E+00 0.4254900E+00 0.4201562E+00 0.4129014E+00 0.4024971E+00 0.3863263E+00 0.3574266E+00 0.2843691E+00
 0.3960685E+00 0.3960187E+00 0.3959283E+00 0.3957953E+00 0.3956167E+00 0.3953891E+00 0.3951071E+00 0.3947641E+00 0.3943514E+00 0.3938575E+00 0.3932680E+00 0.3925630E+00 0.3917167E+00 0.3906933E+00 0.3894437E+00 0.3878962E+00 0.3859460E+00 0.3834294E+00 0.3800793E+00 0.3754255E+00 0.3685565E+00 0.3574266E+00 0.3361908E+00 0.2756564E+00
 0.2971792E+00 0.2971650E+00 0.2971390E+00 0.2971010E+00 0.2970497E+00 0.2969843E+00 0.2969032E+00 0.2968041E+00 0.2966847E+00 0.2965414E+00 0.2963695E+00 0.2961630E+00 0.2959136E+00 0.2956099E+00 0.2952359E+00 0.2947678E+00 0.2941701E+00 0.2933858E+00 0.2923187E+00 0.2907914E+00 0.2884392E+00 0.2843691E+00 0.2756564E+00 0.2433533E+00
 3
 0.6039121E+00 0.6035529E+00 0.6029012E+00 0.6019465E+00 0.6006741E+00 0.5990634E+00 0.5970875E+00 0.5947119E+00 0.5918930E+00 0.5885759E+00 0.5846913E+00 0.5801518E+00 0.5748454E+00 0.5686276E+00 0.5613094E+00 0.5526380E+00 0.5422676E+00 0.5297114E+00 0.5142552E+00 0.4947963E+00 0.4694961E+00 0.4349026E+00 0.3829834E+00 0.2819461E+00
 0.6035529E+00 0.6031948E+00 0.6025446E+00 0.6015923E+00 0.6003230E+00 0.5987161E+00 0.5967451E+00 0.5943752E+00 0.5915628E+00 0.5882534E+00 0.5843778E+00 0.5798484E+00 0.5745534E+00 0.5683487E+00 0.5610453E+00 0.5523907E+00 0.5420394E+00 0.5295046E+00 0.5140730E+00 0.4946419E+00 0.4693729E+00 0.4348141E+00 0.3829323E+00 0.2819318E+00
 0.6029012E+00 0.6025446E+00 0.6018972E+00 0.6009494E+00 0.5996857E+00 0.5980861E+00 0.5961236E+00 0.5937639E+00 0.5909638E+00 0.5876681E+00 0.5838085E+00 0.5792974E+00 0.5740232E+00 0.5678422E+00 0.5605656E+00 0.5519414E+00 0.5416246E+00 0.5291291E+00 0.5137418E+00 0.4943611E+00 0.4691489E+00 0.4346533E+00 0.3828393E+00 0.2819056E+00
 0.6019465E+00 0.6015923E+00 0.6009494E+00 0.6000076E+00 0.5987524E+00 0.5971630E+00 0.5952131E+00 0.5928684E+00 0.5900857E+00 0.5868106E+00 0.5829743E+00 0.5784897E+00 0.5732461E+00 0.5670996E+00 0.5598622E+00 0.5512824E+00 0.5410162E+00 0.5285780E+00 0.5132560E+00 0.4939487E+00 0.4688198E+00 0.4344168E+00 0.3827025E+00 0.2818669E+00
 0.6006741E+00 0.6003230E+00 0.5996857E+00 0.5987524E+00 0.5975079E+00 0.5959325E+00 0.5939991E+00 0.5916744E+00 0.5889150E+00 0.5856667E+00 0.5818613E+00 0.5774123E+00 0.5722089E+00 0.5661085E+00 0.5589230E+00 0.5504025E+00 0.5402035E+00 0.5278416E+00 0.5126060E+00 0.4933973E+00 0.4683793E+00 0.4340998E+00 0.3825191E+00 0.2818151E+00
 0.5990634E+00 0.5987161E+00 0.5980861E+00 0.5971630E+00 0.5959325E+00 0.5943741E+00 0.5924618E+00 0.5901621E+00 0.5874321E+00 0.5842177E+00 0.5804514E+00 0.5760468E+00 0.5708944E+00 0.5648515E+00 0.5577320E+00 0.5492860E+00 0.5391716E+00 0.5269061E+00 0.5117803E+00 0.4926959E+00 0.4678187E+00 0.4336960E+00 0.3822851E+00 0.2817490E+00
 0.5970875E+00 0.5967451E+00 0.5961236E+00 0.5952131E+00 0.5939991E+00 0.5924618E+00 0.5905754E+00 0.5883059E+00 0.5856114E+00 0.5824384E+00 0.5787196E+00 0.5743694E+00 0.5692788E+00 0.5633065E+00 0.5562671E+00 0.5479123E+00 0.5379015E+00 0.5257538E+00 0.5107623E+00 0.4918307E+00 0.4671262E+00 0.4331967E+00 0.3819954E+00 0.2816669E+00
 0.5947119E+00 0.5943752E+00 0.5937639E+00 0.5928684E+00 0.5916744E+00 0.5901621E+00 0.5883059E+00 0.5860727E+00 0.5834205E+00 0.5802967E+00 0.5766344E+00 0.5723490E+00 0.5673323E+00 0.5614442E+00 0.5545005E+00 0.5462545E+00 0.5363679E+00 0.5243617E+00 0.5095312E+00 0.4907831E+00 0.4662868E+00 0.4325906E+00 0.3816428E+00 0.2815668E+00
 0.5918930E+00 0.5915628E+00 0.5909638E+00 0.5900857E+00 0.5889150E+00 0.5874321E+00 0.5856114E+00 0.5834205E+00 0.5808181E+00 0.5777518E+00 0.5741559E+00 0.5699466E+00 0.5650169E+00 0.5592277E+00 0.5523967E+00 0.5442792E+00 0.5345390E+00 0.5226999E+00 0.5080601E+00 0.4895297E+00 0.4652808E+00 0.4318628E+00 0.3812187E+00 0.2814459E+00
 0.5885759E+00 0.5882534E+00 0.5876681E+00 0.5868106E+00 0.5856667E+00 0.5842177E+00 0.5824384E+00 0.5802967E+00 0.5777518E+00 0.5747525E+00 0.5712337E+00 0.5671127E+00 0.5622840E+00 0.5566101E+00 0.5499107E+00 0.5419432E+00 0.5323741E+00 0.5207306E+00 0.5063148E+00 0.4880405E+00 0.4640835E+00 0.4309946E+00 0.3807113E+00 0.2813009E+00
 0.5846913E+00 0.5843778E+00 0.5838085E+00 0.5829743E+00 0.5818613E+00 0.5804514E+00 0.5787196E+00 0.5766344E+00 0.5741559E+00 0.5712337E+00 0.5678039E+00 0.5637849E+00 0.5590729E+00 0.5535325E+00 0.5469852E+00 0.5391917E+00 0.5298214E+00 0.5184059E+00 0.5042513E+00 0.4862766E+00 0.4626622E+00 0.4299614E+00 0.3801053E+00 0.2811270E+00
 0.5801518E+00 0.5798484E+00 0.5792974E+00 0.5784897E+00 0.5774123E+00 0.5760468E+00 0.5743694E+00 0.5723490E+00 0.5699466E+00 0.5671127E+00 0.5637849E+00 0.5598833E+00 0.5553055E+00 0.5499186E+00 0.5435470E+00 0.5359545E+00 0.5268147E+00 0.5156633E+00 0.5018127E+00 0.4841878E+00 0.4609751E+00 0.4287307E+00 0.3793809E+00 0.2809181E+00
 0.5748454E+00 0.5745534E+00 0.5740232E+00 0.5732461E+00 0.5722089E+00 0.5708944E+00 0.5692788E+00 0.5673323E+00 0.5650169E+00 0.5622840E+00 0.5590729E+00 0.5553055E+00 0.5508817E+00 0.5456713E+00 0.5395019E+00 0.5321410E+00 0.5232672E+00 0.5124223E+00 0.4989251E+00 0.4817085E+00 0.4589662E+00 0.4272603E+00 0.3785113E+00 0.2806658E+00
 0.5686276E+00 0.5683487E+00 0.5678422E+00 0.5670996E+00 0.5661085E+00 0.5648515E+00 0.5633065E+00 0.5614442E+00 0.5592277E+00 0.5566101E+00 0.5535325E+00 0.5499186E+00 0.5456713E+00 0.5406634E+00 0.5347263E+00 0.5276325E+00 0.5190664E+00 0.5085766E+00 0.4954906E+00 0.4787508E+00 0.4565616E+00 0.4254922E+00 0.3774599E+00 0.2803587E+00
 0.5613094E+00 0.5610453E+00 0.5605656E+00 0.5598622E+00 0.5589230E+00 0.5577320E+00 0.5562671E+00 0.5545005E+00 0.5523967E+00 0.5499107E+00 0.5469852E+00 0.5435470E+00 0.5395019E+00 0.5347263E+00 0.5290566E+00 0.5222710E+00 0.5140609E+00 0.5039836E+00 0.4913771E+00 0.4751965E+00 0.4536595E+00 0.4233473E+00 0.3761758E+00 0.2799804E+00
 0.5526380E+00 0.5523907E+00 0.5519414E+00 0.5512824E+00 0.5504025E+00 0.5492860E+00 0.5479123E+00 0.5462545E+00 0.5442792E+00 0.5419432E+00 0.5391917E+00 0.5359545E+00 0.5321410E+00 0.5276325E+00 0.5222710E+00 0.5158415E+00 0.5080443E+00 0.4984475E+00 0.4864028E+00 0.4708809E+00 0.4501183E+00 0.4207133E+00 0.3745863E+00 0.2795071E+00
 0.5422676E+00 0.5420394E+00 0.5416246E+00 0.5410162E+00 0.5402035E+00 0.5391716E+00 0.5379015E+00 0.5363679E+00 0.5345390E+00 0.5323741E+00 0.5298214E+00 0.5268147E+00 0.5232672E+00 0.5190664E+00 0.5140609E+00 0.5080443E+00 0.5007280E+00 0.4916936E+00 0.4803098E+00 0.4655693E+00 0.4457334E+00 0.4174265E+00 0.3725829E+00 0.2789028E+00
 0.5297114E+00 0.5295046E+00 0.5291291E+00 0.5285780E+00 0.5278416E+00 0.5269061E+00 0.5257538E+00 0.5243617E+00 0.5226999E+00 0.5207306E+00 0.5184059E+00 0.5156633E+00 0.5124223E+00 0.5085766E+00 0.5039836E+00 0.4984475E+00 0.4916936E+00 0.4833209E+00 0.4727206E+00 0.4589140E+00 0.4401984E+00 0.4132383E+00 0.3699983E+00 0.2781101E+00
 0.5142552E+00 0.5140730E+00 0.5137418E+00 0.5132560E+00 0.5126060E+00 0.5117803E+00 0.5107623E+00 0.5095312E+00 0.5080601E+00 0.5063148E+00 0.5042513E+00 0.5018127E+00 0.4989251E+00 0.4954906E+00 0.4913771E+00 0.4864028E+00 0.4803098E+00 0.4727206E+00 0.4630564E+00 0.4503776E+00 0.4330333E+00 0.4077516E+00 0.3665584E+00 0.2770316E+00
 0.4947963E+00 0.4946419E+00 0.4943611E+00 0.4939487E+00 0.4933973E+00 0.4926959E+00 0.4918307E+00 0.4907831E+00 0.4895297E+00 0.4880405E+00 0.4862766E+00 0.4841878E+00 0.4817085E+00 0.4787508E+00 0.4751965E+00 0.4708809E+00 0.4655693E+00 0.4589140E+00 0.4503776E+00 0.4390766E+00 0.4234368E+00 0.4002899E+00 0.3617814E+00 0.2754889E+00
 0.4694961E+00 0.4693729E+00 0.4691489E+00 0.4688198E+00 0.4683793E+00 0.4678187E+00 0.4671262E+00 0.4662868E+00 0.4652808E+00 0.4640835E+00 0.4626622E+00 0.4609751E+00 0.4589662E+00 0.4565616E+00 0.4536595E+00 0.4501183E+00 0.4457334E+00 0.4401984E+00 0.4330333E+00 0.4234368E+00 0.4099542E+00 0.3895915E+00 0.3547341E+00 0.2731142E+00
 0.4349026E+00 0.4348141E+00 0.4346533E+00 0.4344168E+00 0.4340998E+00 0.4336960E+00 0.4331967E+00 0.4325906E+00 0.4318628E+00 0.4309946E+00 0.4299614E+00 0.4287307E+00 0.4272603E+00 0.4254922E+00 0.4233473E+00 0.4207133E+00 0.4174265E+00 0.4132383E+00 0.4077516E+00 0.4002899E+00 0.3895915E+00 0.3729736E+00 0.3433266E+00 0.2690093E+00
 0.3829834E+00 0.3829323E+00 0.3828393E+00 0.3827025E+00 0.3825191E+00 0.3822851E+00 0.3819954E+00 0.3816428E+00 0.3812187E+00 0.3807113E+00 0.3801053E+00 0.3793809E+00 0.3785113E+00 0.3774599E+00 0.3761758E+00 0.3745863E+00 0.3725829E+00 0.3699983E+00 0.3665584E+00 0.3617814E+00 0.3547341E+00 0.3433266E+00 0.3216090E+00 0.2602397E+00
 0.2819461E+00 0.2819318E+00 0.2819056E+00 0.2818669E+00 0.2818151E+00 0.2817490E+00 0.2816669E+00 0.2815668E+00 0.2814459E+00 0.2813009E+00 0.2811270E+00 0.2809181E+00 0.2806658E+00 0.2803587E+00 0.2799804E+00 0.2795071E+00 0.2789028E+00 0.2781101E+00 0.2770316E+00 0.2754889E+00 0.2731142E+00 0.2690093E+00 0.2602397E+00 0.2279662E+00
 4
 0.5969514E+00 0.5965846E+00 0.5959189E+00 0.5949437E+00 0.5936439E+00 0.5919984E+00 0.5899796E+00 0.5875523E+00 0.5846718E+00 0.5812820E+00 0.5773118E+00 0.5726715E+00 0.5672462E+00 0.5608879E+00 0.5534025E+00 0.5445303E+00 0.5339162E+00 0.5210595E+00 0.5052254E+00 0.4852786E+00 0.4593261E+00 0.4238168E+00 0.3705278E+00 0.2675259E+00
 0.5965846E+00 0.5962187E+00 0.5955545E+00 0.5945817E+00 0.5932853E+00 0.5916437E+00 0.5896298E+00 0.5872083E+00 0.5843347E+00 0.5809527E+00 0.5769914E+00 0.5723612E+00 0.5669476E+00 0.5606026E+00 0.5531322E+00 0.5442773E+00 0.5336826E+00 0.5208478E+00 0.5050387E+00 0.4851202E+00 0.4591997E+00 0.4237260E+00 0.3704754E+00 0.2675114E+00
 0.5959189E+00 0.5955545E+00 0.5948934E+00 0.5939250E+00 0.5926341E+00 0.5909999E+00 0.5889948E+00 0.5865838E+00 0.5837224E+00 0.5803545E+00 0.5764095E+00 0.5717978E+00 0.5664055E+00 0.5600846E+00 0.5526415E+00 0.5438175E+00 0.5332580E+00 0.5204631E+00 0.5046995E+00 0.4848324E+00 0.4589699E+00 0.4235608E+00 0.3703800E+00 0.2674850E+00
 0.5949437E+00 0.5945817E+00 0.5939250E+00 0.5929630E+00 0.5916804E+00 0.5900567E+00 0.5880645E+00 0.5856687E+00 0.5828251E+00 0.5794779E+00 0.5755568E+00 0.5709723E+00 0.5656108E+00 0.5593251E+00 0.5519219E+00 0.5431431E+00 0.5326350E+00 0.5198986E+00 0.5042014E+00 0.4844097E+00 0.4586321E+00 0.4233180E+00 0.3702398E+00 0.2674460E+00
 0.5936439E+00 0.5932853E+00 0.5926341E+00 0.5916804E+00 0.5904091E+00 0.5887994E+00 0.5868241E+00 0.5844487E+00 0.5816288E+00 0.5783090E+00 0.5744191E+00 0.5698708E+00 0.5645504E+00 0.5583114E+00 0.5509612E+00 0.5422427E+00 0.5318030E+00 0.5191443E+00 0.5035355E+00 0.4838442E+00 0.4581801E+00 0.4229926E+00 0.3700517E+00 0.2673938E+00
 0.5919984E+00 0.5916437E+00 0.5909999E+00 0.5900567E+00 0.5887994E+00 0.5872072E+00 0.5852534E+00 0.5829032E+00 0.5801130E+00 0.5768277E+00 0.5729777E+00 0.5684746E+00 0.5632061E+00 0.5570258E+00 0.5497425E+00 0.5411000E+00 0.5307467E+00 0.5181862E+00 0.5026892E+00 0.4831249E+00 0.4576048E+00 0.4225781E+00 0.3698118E+00 0.2673269E+00
 0.5899796E+00 0.5896298E+00 0.5889948E+00 0.5880645E+00 0.5868241E+00 0.5852534E+00 0.5833255E+00 0.5810063E+00 0.5782522E+00 0.5750089E+00 0.5712072E+00 0.5667595E+00 0.5615539E+00 0.5554453E+00 0.5482437E+00 0.5396940E+00 0.5294462E+00 0.5170061E+00 0.5016459E+00 0.4822376E+00 0.4568941E+00 0.4220655E+00 0.3695146E+00 0.2672440E+00
 0.5875523E+00 0.5872083E+00 0.5865838E+00 0.5856687E+00 0.5844487E+00 0.5829032E+00 0.5810063E+00 0.5787237E+00 0.5760129E+00 0.5728196E+00 0.5690754E+00 0.5646936E+00 0.5595631E+00 0.5535403E+00 0.5464361E+00 0.5379973E+00 0.5278760E+00 0.5155800E+00 0.5003842E+00 0.4811633E+00 0.4560327E+00 0.4214431E+00 0.3691531E+00 0.2671430E+00
 0.5846718E+00 0.5843347E+00 0.5837224E+00 0.5828251E+00 0.5816288E+00 0.5801130E+00 0.5782522E+00 0.5760129E+00 0.5733526E+00 0.5702179E+00 0.5665413E+00 0.5622368E+00 0.5571948E+00 0.5512727E+00 0.5442834E+00 0.5359755E+00 0.5260033E+00 0.5138775E+00 0.4988765E+00 0.4798779E+00 0.4550005E+00 0.4206959E+00 0.3687181E+00 0.2670210E+00
 0.5812820E+00 0.5809527E+00 0.5803545E+00 0.5794779E+00 0.5783090E+00 0.5768277E+00 0.5750089E+00 0.5728196E+00 0.5702179E+00 0.5671513E+00 0.5635532E+00 0.5593387E+00 0.5543995E+00 0.5485948E+00 0.5417393E+00 0.5335841E+00 0.5237864E+00 0.5118602E+00 0.4970875E+00 0.4783506E+00 0.4537717E+00 0.4198045E+00 0.3681978E+00 0.2668746E+00
 0.5773118E+00 0.5769914E+00 0.5764095E+00 0.5755568E+00 0.5744191E+00 0.5729777E+00 0.5712072E+00 0.5690754E+00 0.5665413E+00 0.5635532E+00 0.5600455E+00 0.5559348E+00 0.5511145E+00 0.5454455E+00 0.5387452E+00 0.5307671E+00 0.5211723E+00 0.5094783E+00 0.4949723E+00 0.4765414E+00 0.4523131E+00 0.4187436E+00 0.3675764E+00 0.2666991E+00
 0.5726715E+00 0.5723612E+00 0.5717978E+00 0.5709723E+00 0.5698708E+00 0.5684746E+00 0.5667595E+00 0.5646936E+00 0.5622368E+00 0.5593387E+00 0.5559348E+00 0.5519436E+00 0.5472599E+00 0.5417474E+00 0.5352259E+00 0.5274527E+00 0.5180925E+00 0.5066682E+00 0.4924725E+00 0.4743990E+00 0.4505815E+00 0.4174802E+00 0.3668336E+00 0.2664883E+00
 0.5672462E+00 0.5669476E+00 0.5664055E+00 0.5656108E+00 0.5645504E+00 0.5632061E+00 0.5615539E+00 0.5595631E+00 0.5571948E+00 0.5543995E+00 0.5511145E+00 0.5472599E+00 0.5427330E+00 0.5374003E+00 0.5310847E+00 0.5235476E+00 0.5144589E+00 0.5033472E+00 0.4895121E+00 0.4718556E+00 0.4485197E+00 0.4159704E+00 0.3659420E+00 0.2662337E+00
 0.5608879E+00 0.5606026E+00 0.5600846E+00 0.5593251E+00 0.5583114E+00 0.5570258E+00 0.5554453E+00 0.5535403E+00 0.5512727E+00 0.5485948E+00 0.5454455E+00 0.5417474E+00 0.5374003E+00 0.5322738E+00 0.5261950E+00 0.5189302E+00 0.5101552E+00 0.4994059E+00 0.4859906E+00 0.4688216E+00 0.4460515E+00 0.4141552E+00 0.3648640E+00 0.2659238E+00
 0.5534025E+00 0.5531322E+00 0.5526415E+00 0.5519219E+00 0.5509612E+00 0.5497425E+00 0.5482437E+00 0.5464361E+00 0.5442834E+00 0.5417393E+00 0.5387452E+00 0.5352259E+00 0.5310847E+00 0.5261950E+00 0.5203889E+00 0.5134383E+00 0.5050262E+00 0.4946979E+00 0.4817725E+00 0.4651751E+00 0.4430728E+00 0.4119530E+00 0.3635477E+00 0.2655421E+00
 0.5445303E+00 0.5442773E+00 0.5438175E+00 0.5431431E+00 0.5422427E+00 0.5411000E+00 0.5396940E+00 0.5379973E+00 0.5359755E+00 0.5335841E+00 0.5307671E+00 0.5274527E+00 0.5235476E+00 0.5189302E+00 0.5134383E+00 0.5068509E+00 0.4988603E+00 0.4890224E+00 0.4766709E+00 0.4607471E+00 0.4394377E+00 0.4092487E+00 0.3619181E+00 0.2650646E+00
 0.5339162E+00 0.5336826E+00 0.5332580E+00 0.5326350E+00 0.5318030E+00 0.5307467E+00 0.5294462E+00 0.5278760E+00 0.5260033E+00 0.5237864E+00 0.5211723E+00 0.5180925E+00 0.5144589E+00 0.5101552E+00 0.5050262E+00 0.4988603E+00 0.4913604E+00 0.4820969E+00 0.4704210E+00 0.4552964E+00 0.4349361E+00 0.4058743E+00 0.3598649E+00 0.2644550E+00
 0.5210595E+00 0.5208478E+00 0.5204631E+00 0.5198986E+00 0.5191443E+00 0.5181862E+00 0.5170061E+00 0.5155800E+00 0.5138775E+00 0.5118602E+00 0.5094783E+00 0.5066682E+00 0.5033472E+00 0.4994059E+00 0.4946979E+00 0.4890224E+00 0.4820969E+00 0.4735097E+00 0.4626348E+00 0.4484661E+00 0.4292538E+00 0.4015745E+00 0.3572161E+00 0.2636555E+00
 0.5052254E+00 0.5050387E+00 0.5046995E+00 0.5042014E+00 0.5035355E+00 0.5026892E+00 0.5016459E+00 0.5003842E+00 0.4988765E+00 0.4970875E+00 0.4949723E+00 0.4924725E+00 0.4895121E+00 0.4859906E+00 0.4817725E+00 0.4766709E+00 0.4704210E+00 0.4626348E+00 0.4527175E+00 0.4397038E+00 0.4218975E+00 0.3959423E+00 0.3536916E+00 0.2625683E+00
 0.4852786E+00 0.4851202E+00 0.4848324E+00 0.4844097E+00 0.4838442E+00 0.4831249E+00 0.4822376E+00 0.4811633E+00 0.4798779E+00 0.4783506E+00 0.4765414E+00 0.4743990E+00 0.4718556E+00 0.4688216E+00 0.4651751E+00 0.4607471E+00 0.4552964E+00 0.4484661E+00 0.4397038E+00 0.4281022E+00 0.4120449E+00 0.3882836E+00 0.3487991E+00 0.2610134E+00
 0.4593261E+00 0.4591997E+00 0.4589699E+00 0.4586321E+00 0.4581801E+00 0.4576048E+00 0.4568941E+00 0.4560327E+00 0.4550005E+00 0.4537717E+00 0.4523131E+00 0.4505815E+00 0.4485197E+00 0.4460515E+00 0.4430728E+00 0.4394377E+00 0.4349361E+00 0.4292538E+00 0.4218975E+00 0.4120449E+00 0.3982033E+00 0.3773059E+00 0.3415850E+00 0.2586213E+00
 0.4238168E+00 0.4237260E+00 0.4235608E+00 0.4233180E+00 0.4229926E+00 0.4225781E+00 0.4220655E+00 0.4214431E+00 0.4206959E+00 0.4198045E+00 0.4187436E+00 0.4174802E+00 0.4159704E+00 0.4141552E+00 0.4119530E+00 0.4092487E+00 0.4058743E+00 0.4015745E+00 0.3959423E+00 0.3882836E+00 0.3773059E+00 0.3602652E+00 0.3299190E+00 0.2544905E+00
 0.3705278E+00 0.3704754E+00 0.3703800E+00 0.3702398E+00 0.3700517E+00 0.3698118E+00 0.3695146E+00 0.3691531E+00 0.3687181E+00 0.3681978E+00 0.3675764E+00 0.3668336E+00 0.3659420E+00 0.3648640E+00 0.3635477E+00 0.3619181E+00 0.3598649E+00 0.3572161E+00 0.3536916E+00 0.3487991E+00 0.3415850E+00 0.3299190E+00 0.3077588E+00 0.2456836E+00
 0.2675259E+00 0.2675114E+00 0.2674850E+00 0.2674460E+00 0.2673938E+00 0.2673269E+00 0.2672440E+00 0.2671430E+00 0.2670210E+00 0.2668746E+00 0.2666991E+00 0.2664883E+00 0.2662337E+00 0.2659238E+00 0.2655421E+00 0.2650646E+00 0.2644550E+00 0.2636555E+00 0.2625683E+00 0.2610134E+00 0.2586213E+00 0.2544905E+00 0.2456836E+00 0.2135085E+00
 5
 0.5905158E+00 0.5901417E+00 0.5894628E+00 0.5884683E+00 0.5871429E+00 0.5854647E+00 0.5834058E+00 0.5809301E+00 0.5779919E+00 0.5745337E+00 0.5704830E+00 0.5657479E+00 0.5602108E+00 0.5537203E+00 0.5460774E+00 0.5370160E+00 0.5261721E+00 0.5130316E+00 0.4968402E+00 0.4764316E+00 0.4498608E+00 0.4134835E+00 0.3589002E+00 0.2541043E+00
 0.5901417E+00 0.5897685E+00 0.5890913E+00 0.5880994E+00 0.5867771E+00 0.5851029E+00 0.5830490E+00 0.5805791E+00 0.5776479E+00 0.5741977E+00 0.5701560E+00 0.5654313E+00 0.5599062E+00 0.5534290E+00 0.5458015E+00 0.5367575E+00 0.5259333E+00 0.5128151E+00 0.4966492E+00 0.4762695E+00 0.4497314E+00 0.4133904E+00 0.3588466E+00 0.2540897E+00
 0.5894628E+00 0.5890913E+00 0.5884171E+00 0.5874296E+00 0.5861132E+00 0.5844464E+00 0.5824014E+00 0.5799422E+00 0.5770232E+00 0.5735873E+00 0.5695622E+00 0.5648564E+00 0.5593527E+00 0.5529002E+00 0.5453003E+00 0.5362878E+00 0.5254994E+00 0.5124218E+00 0.4963022E+00 0.4759748E+00 0.4494959E+00 0.4132211E+00 0.3587490E+00 0.2540631E+00
 0.5884683E+00 0.5880994E+00 0.5874296E+00 0.5864484E+00 0.5851406E+00 0.5834844E+00 0.5814526E+00 0.5790087E+00 0.5761080E+00 0.5726930E+00 0.5686921E+00 0.5640139E+00 0.5585416E+00 0.5521248E+00 0.5445655E+00 0.5355991E+00 0.5248628E+00 0.5118448E+00 0.4957927E+00 0.4755422E+00 0.4491501E+00 0.4129723E+00 0.3586055E+00 0.2540238E+00
 0.5871429E+00 0.5867771E+00 0.5861132E+00 0.5851406E+00 0.5838439E+00 0.5822021E+00 0.5801874E+00 0.5777640E+00 0.5748873E+00 0.5715004E+00 0.5675313E+00 0.5628897E+00 0.5574592E+00 0.5510898E+00 0.5435844E+00 0.5346792E+00 0.5240125E+00 0.5110737E+00 0.4951116E+00 0.4749634E+00 0.4486872E+00 0.4126389E+00 0.3584129E+00 0.2539711E+00
 0.5854647E+00 0.5851029E+00 0.5844464E+00 0.5834844E+00 0.5822021E+00 0.5805780E+00 0.5785850E+00 0.5761876E+00 0.5733411E+00 0.5699891E+00 0.5660604E+00 0.5614648E+00 0.5560869E+00 0.5497771E+00 0.5423398E+00 0.5335118E+00 0.5229332E+00 0.5100941E+00 0.4942459E+00 0.4742273E+00 0.4480979E+00 0.4122141E+00 0.3581674E+00 0.2539038E+00
 0.5834058E+00 0.5830490E+00 0.5824014E+00 0.5814526E+00 0.5801874E+00 0.5785850E+00 0.5766184E+00 0.5742523E+00 0.5714425E+00 0.5681332E+00 0.5642536E+00 0.5597141E+00 0.5544002E+00 0.5481636E+00 0.5408090E+00 0.5320755E+00 0.5216041E+00 0.5088875E+00 0.4931787E+00 0.4733190E+00 0.4473700E+00 0.4116889E+00 0.3578631E+00 0.2538203E+00
 0.5809301E+00 0.5805791E+00 0.5799422E+00 0.5790087E+00 0.5777640E+00 0.5761876E+00 0.5742523E+00 0.5719237E+00 0.5691575E+00 0.5658989E+00 0.5620779E+00 0.5576054E+00 0.5523677E+00 0.5462181E+00 0.5389628E+00 0.5303420E+00 0.5199992E+00 0.5074293E+00 0.4918879E+00 0.4722194E+00 0.4464878E+00 0.4110512E+00 0.3574933E+00 0.2537185E+00
 0.5779919E+00 0.5776479E+00 0.5770232E+00 0.5761080E+00 0.5748873E+00 0.5733411E+00 0.5714425E+00 0.5691575E+00 0.5664430E+00 0.5632440E+00 0.5594914E+00 0.5550975E+00 0.5499498E+00 0.5439025E+00 0.5367639E+00 0.5282761E+00 0.5180852E+00 0.5056886E+00 0.4903456E+00 0.4709037E+00 0.4454305E+00 0.4102856E+00 0.3570482E+00 0.2535956E+00
 0.5745337E+00 0.5741977E+00 0.5735873E+00 0.5726930E+00 0.5715004E+00 0.5699891E+00 0.5681332E+00 0.5658989E+00 0.5632440E+00 0.5601141E+00 0.5564412E+00 0.5521387E+00 0.5470955E+00 0.5411676E+00 0.5341650E+00 0.5258326E+00 0.5158191E+00 0.5036257E+00 0.4885154E+00 0.4693403E+00 0.4441720E+00 0.4093723E+00 0.3565156E+00 0.2534481E+00
 0.5704830E+00 0.5701560E+00 0.5695622E+00 0.5686921E+00 0.5675313E+00 0.5660604E+00 0.5642536E+00 0.5620779E+00 0.5594914E+00 0.5564412E+00 0.5528603E+00 0.5486632E+00 0.5437409E+00 0.5379509E+00 0.5311060E+00 0.5229541E+00 0.5131468E+00 0.5011899E+00 0.4863512E+00 0.4674883E+00 0.4426780E+00 0.4082852E+00 0.3558798E+00 0.2532713E+00
 0.5657479E+00 0.5654313E+00 0.5648564E+00 0.5640139E+00 0.5628897E+00 0.5614648E+00 0.5597141E+00 0.5576054E+00 0.5550975E+00 0.5521387E+00 0.5486632E+00 0.5445875E+00 0.5398041E+00 0.5341732E+00 0.5275103E+00 0.5195665E+00 0.5099983E+00 0.4983159E+00 0.4837935E+00 0.4652949E+00 0.4409042E+00 0.4069907E+00 0.3551198E+00 0.2530589E+00
 0.5602108E+00 0.5599062E+00 0.5593527E+00 0.5585416E+00 0.5574592E+00 0.5560869E+00 0.5544002E+00 0.5523677E+00 0.5499498E+00 0.5470955E+00 0.5437409E+00 0.5398041E+00 0.5351803E+00 0.5297322E+00 0.5232785E+00 0.5155751E+00 0.5062829E+00 0.4949190E+00 0.4807642E+00 0.4626911E+00 0.4387923E+00 0.4054437E+00 0.3542074E+00 0.2528025E+00
 0.5537203E+00 0.5534290E+00 0.5529002E+00 0.5521248E+00 0.5510898E+00 0.5497771E+00 0.5481636E+00 0.5462181E+00 0.5439025E+00 0.5411676E+00 0.5379509E+00 0.5341732E+00 0.5297322E+00 0.5244937E+00 0.5182811E+00 0.5108548E+00 0.5018821E+00 0.4908871E+00 0.4771603E+00 0.4595846E+00 0.4362639E+00 0.4035837E+00 0.3531046E+00 0.2524903E+00
 0.5460774E+00 0.5458015E+00 0.5453003E+00 0.5445655E+00 0.5435844E+00 0.5423398E+00 0.5408090E+00 0.5389628E+00 0.5367639E+00 0.5341650E+00 0.5311060E+00 0.5275103E+00 0.5232785E+00 0.5182811E+00 0.5123459E+00 0.5052394E+00 0.4966364E+00 0.4860705E+00 0.4728430E+00 0.4558506E+00 0.4332123E+00 0.4013274E+00 0.3517578E+00 0.2521058E+00
 0.5370160E+00 0.5367575E+00 0.5362878E+00 0.5355991E+00 0.5346792E+00 0.5335118E+00 0.5320755E+00 0.5303420E+00 0.5282761E+00 0.5258326E+00 0.5229541E+00 0.5195665E+00 0.5155751E+00 0.5108548E+00 0.5052394E+00 0.4985026E+00 0.4903290E+00 0.4802631E+00 0.4676207E+00 0.4513160E+00 0.4294883E+00 0.3985566E+00 0.3500909E+00 0.2516251E+00
 0.5261721E+00 0.5259333E+00 0.5254994E+00 0.5248628E+00 0.5240125E+00 0.5229332E+00 0.5216041E+00 0.5199992E+00 0.5180852E+00 0.5158191E+00 0.5131468E+00 0.5099983E+00 0.5062829E+00 0.5018821E+00 0.4966364E+00 0.4903290E+00 0.4826556E+00 0.4731752E+00 0.4612222E+00 0.4457336E+00 0.4248762E+00 0.3950992E+00 0.3479907E+00 0.2510114E+00
 0.5130316E+00 0.5128151E+00 0.5124218E+00 0.5118448E+00 0.5110737E+00 0.5100941E+00 0.5088875E+00 0.5074293E+00 0.5056886E+00 0.5036257E+00 0.5011899E+00 0.4983159E+00 0.4949190E+00 0.4908871E+00 0.4860705E+00 0.4802631E+00 0.4731752E+00 0.4643845E+00 0.4532492E+00 0.4387373E+00 0.4190542E+00 0.3906940E+00 0.3452819E+00 0.2502065E+00
 0.4968402E+00 0.4966492E+00 0.4963022E+00 0.4957927E+00 0.4951116E+00 0.4942459E+00 0.4931787E+00 0.4918879E+00 0.4903456E+00 0.4885154E+00 0.4863512E+00 0.4837935E+00 0.4807642E+00 0.4771603E+00 0.4728430E+00 0.4676207E+00 0.4612222E+00 0.4532492E+00 0.4430922E+00 0.4297609E+00 0.4115168E+00 0.3849241E+00 0.3416783E+00 0.2491122E+00
 0.4764316E+00 0.4762695E+00 0.4759748E+00 0.4755422E+00 0.4749634E+00 0.4742273E+00 0.4733190E+00 0.4722194E+00 0.4709037E+00 0.4693403E+00 0.4674883E+00 0.4652949E+00 0.4626911E+00 0.4595846E+00 0.4558506E+00 0.4513160E+00 0.4457336E+00 0.4387373E+00 0.4297609E+00 0.4178743E+00 0.4014216E+00 0.3770793E+00 0.3366775E+00 0.2475480E+00
 0.4498608E+00 0.4497314E+00 0.4494959E+00 0.4491501E+00 0.4486872E+00 0.4480979E+00 0.4473700E+00 0.4464878E+00 0.4454305E+00 0.4441720E+00 0.4426780E+00 0.4409042E+00 0.4387923E+00 0.4362639E+00 0.4332123E+00 0.4294883E+00 0.4248762E+00 0.4190542E+00 0.4115168E+00 0.4014216E+00 0.3872403E+00 0.3658382E+00 0.3293080E+00 0.2451428E+00
 0.4134835E+00 0.4133904E+00 0.4132211E+00 0.4129723E+00 0.4126389E+00 0.4122141E+00 0.4116889E+00 0.4110512E+00 0.4102856E+00 0.4093723E+00 0.4082852E+00 0.4069907E+00 0.4054437E+00 0.4035837E+00 0.4013274E+00 0.3985566E+00 0.3950992E+00 0.3906940E+00 0.3849241E+00 0.3770793E+00 0.3658382E+00 0.3484002E+00 0.3174022E+00 0.2409934E+00
