 1
 0.4587338E+00 0.4583309E+00 0.4576002E+00 0.4565316E+00 0.4551100E+00 0.4533149E+00 0.4511196E+00 0.4484905E+00 0.4453853E+00 0.4417515E+00 0.4375241E+00 0.4326227E+00 0.4269466E+00 0.4203700E+00 0.4127331E+00 0.4038314E+00 0.3933983E+00 0.3810799E+00 0.3663931E+00 0.3486499E+00 0.3267966E+00 0.2989655E+00 0.2606599E+00 0.1890542E+00
 0.4583309E+00 0.4579292E+00 0.4572008E+00 0.4561355E+00 0.4547183E+00 0.4529286E+00 0.4507401E+00 0.4481188E+00 0.4450228E+00 0.4413995E+00 0.4371843E+00 0.4322965E+00 0.4266360E+00 0.4200769E+00 0.4124596E+00 0.4035798E+00 0.3931712E+00 0.3808801E+00 0.3662231E+00 0.3485123E+00 0.3266934E+00 0.2988970E+00 0.2606236E+00 0.1890434E+00
 0.4576002E+00 0.4572008E+00 0.4564766E+00 0.4554173E+00 0.4540079E+00 0.4522281E+00 0.4500515E+00 0.4474445E+00 0.4443650E+00 0.4407610E+00 0.4365676E+00 0.4317048E+00 0.4260724E+00 0.4195449E+00 0.4119632E+00 0.4031232E+00 0.3927590E+00 0.3805171E+00 0.3659144E+00 0.3482625E+00 0.3265059E+00 0.2987725E+00 0.2605577E+00 0.1890237E+00
 0.4565316E+00 0.4561355E+00 0.4554173E+00 0.4543666E+00 0.4529688E+00 0.4512034E+00 0.4490444E+00 0.4464581E+00 0.4434028E+00 0.4398266E+00 0.4356652E+00 0.4308386E+00 0.4252473E+00 0.4187661E+00 0.4112363E+00 0.4024544E+00 0.3921551E+00 0.3799851E+00 0.3654617E+00 0.3478960E+00 0.3262306E+00 0.2985897E+00 0.2604606E+00 0.1889948E+00
 0.4551100E+00 0.4547183E+00 0.4540079E+00 0.4529688E+00 0.4515861E+00 0.4498399E+00 0.4477039E+00 0.4451452E+00 0.4421220E+00 0.4385829E+00 0.4344637E+00 0.4296852E+00 0.4241482E+00 0.4177283E+00 0.4102674E+00 0.4015627E+00 0.3913494E+00 0.3792752E+00 0.3648572E+00 0.3474061E+00 0.3258625E+00 0.2983448E+00 0.2603306E+00 0.1889559E+00
 0.4533149E+00 0.4529286E+00 0.4522281E+00 0.4512034E+00 0.4498399E+00 0.4481176E+00 0.4460108E+00 0.4434865E+00 0.4405035E+00 0.4370108E+00 0.4329448E+00 0.4282267E+00 0.4227582E+00 0.4164154E+00 0.4090412E+00 0.4004336E+00 0.3903288E+00 0.3783752E+00 0.3640903E+00 0.3467841E+00 0.3253944E+00 0.2980332E+00 0.2601647E+00 0.1889062E+00
 0.4511196E+00 0.4507401E+00 0.4500515E+00 0.4490444E+00 0.4477039E+00 0.4460108E+00 0.4439392E+00 0.4414567E+00 0.4385227E+00 0.4350863E+00 0.4310849E+00 0.4264403E+00 0.4210549E+00 0.4148059E+00 0.4075373E+00 0.3990480E+00 0.3890757E+00 0.3772693E+00 0.3631470E+00 0.3460182E+00 0.3248173E+00 0.2976480E+00 0.2599593E+00 0.1888446E+00
 0.4484905E+00 0.4481188E+00 0.4474445E+00 0.4464581E+00 0.4451452E+00 0.4434865E+00 0.4414567E+00 0.4390239E+00 0.4361478E+00 0.4327785E+00 0.4288538E+00 0.4242964E+00 0.4190100E+00 0.4128727E+00 0.4057298E+00 0.3973817E+00 0.3875673E+00 0.3759369E+00 0.3620093E+00 0.3450931E+00 0.3241189E+00 0.2971811E+00 0.2597096E+00 0.1887695E+00
 0.4453853E+00 0.4450228E+00 0.4443650E+00 0.4434028E+00 0.4421220E+00 0.4405035E+00 0.4385227E+00 0.4361478E+00 0.4333395E+00 0.4300484E+00 0.4262135E+00 0.4217584E+00 0.4165878E+00 0.4105814E+00 0.4035860E+00 0.3954038E+00 0.3857752E+00 0.3743521E+00 0.3606543E+00 0.3439894E+00 0.3232840E+00 0.2966212E+00 0.2594092E+00 0.1886787E+00
 0.4417515E+00 0.4413995E+00 0.4407610E+00 0.4398266E+00 0.4385829E+00 0.4370108E+00 0.4350863E+00 0.4327785E+00 0.4300484E+00 0.4268479E+00 0.4231167E+00 0.4187799E+00 0.4137437E+00 0.4078891E+00 0.4010651E+00 0.3930756E+00 0.3836633E+00 0.3724821E+00 0.3590527E+00 0.3426823E+00 0.3222927E+00 0.2959543E+00 0.2590500E+00 0.1885697E+00
 0.4375241E+00 0.4371843E+00 0.4365676E+00 0.4356652E+00 0.4344637E+00 0.4329448E+00 0.4310849E+00 0.4288538E+00 0.4262135E+00 0.4231167E+00 0.4195047E+00 0.4153038E+00 0.4104218E+00 0.4047421E+00 0.3981155E+00 0.3903486E+00 0.3811865E+00 0.3702853E+00 0.3571677E+00 0.3411402E+00 0.3211197E+00 0.2951623E+00 0.2586213E+00 0.1884390E+00
 0.4326227E+00 0.4322965E+00 0.4317048E+00 0.4308386E+00 0.4296852E+00 0.4282267E+00 0.4264403E+00 0.4242964E+00 0.4217584E+00 0.4187799E+00 0.4153038E+00 0.4112581E+00 0.4065526E+00 0.4010730E+00 0.3946728E+00 0.3871615E+00 0.3782872E+00 0.3677093E+00 0.3549523E+00 0.3393228E+00 0.3197323E+00 0.2942212E+00 0.2581092E+00 0.1882820E+00
 0.4269466E+00 0.4266360E+00 0.4260724E+00 0.4252473E+00 0.4241482E+00 0.4227582E+00 0.4210549E+00 0.4190100E+00 0.4165878E+00 0.4137437E+00 0.4104218E+00 0.4065526E+00 0.4020481E+00 0.3967968E+00 0.3906552E+00 0.3834365E+00 0.3748925E+00 0.3646864E+00 0.3523457E+00 0.3371773E+00 0.3180877E+00 0.2930998E+00 0.2574949E+00 0.1880922E+00
 0.4203700E+00 0.4200769E+00 0.4195449E+00 0.4187661E+00 0.4177283E+00 0.4164154E+00 0.4148059E+00 0.4128727E+00 0.4105814E+00 0.4078891E+00 0.4047421E+00 0.4010730E+00 0.3967968E+00 0.3918051E+00 0.3859583E+00 0.3790739E+00 0.3709084E+00 0.3611295E+00 0.3492688E+00 0.3346350E+00 0.3161292E+00 0.2917558E+00 0.2567529E+00 0.1878611E+00
 0.4127331E+00 0.4124596E+00 0.4119632E+00 0.4112363E+00 0.4102674E+00 0.4090412E+00 0.4075373E+00 0.4057298E+00 0.4035860E+00 0.4010651E+00 0.3981155E+00 0.3946728E+00 0.3906552E+00 0.3859583E+00 0.3804471E+00 0.3739441E+00 0.3662118E+00 0.3569239E+00 0.3456174E+00 0.3316038E+00 0.3137803E+00 0.2901316E+00 0.2558477E+00 0.1875762E+00
 0.4038314E+00 0.4035798E+00 0.4031232E+00 0.4024544E+00 0.4015627E+00 0.4004336E+00 0.3990480E+00 0.3973817E+00 0.3954038E+00 0.3930756E+00 0.3903486E+00 0.3871615E+00 0.3834365E+00 0.3790739E+00 0.3739441E+00 0.3678762E+00 0.3606397E+00 0.3519162E+00 0.3412503E+00 0.3279583E+00 0.3109352E+00 0.2881464E+00 0.2547286E+00 0.1872194E+00
 0.3933983E+00 0.3931712E+00 0.3927590E+00 0.3921551E+00 0.3913494E+00 0.3903288E+00 0.3890757E+00 0.3875673E+00 0.3857752E+00 0.3836633E+00 0.3811865E+00 0.3782872E+00 0.3748925E+00 0.3709084E+00 0.3662118E+00 0.3606397E+00 0.3539709E+00 0.3458970E+00 0.3359729E+00 0.3235232E+00 0.3074439E+00 0.2856832E+00 0.2533203E+00 0.1867632E+00
 0.3810799E+00 0.3808801E+00 0.3805171E+00 0.3799851E+00 0.3792752E+00 0.3783752E+00 0.3772693E+00 0.3759369E+00 0.3743521E+00 0.3724821E+00 0.3702853E+00 0.3677093E+00 0.3646864E+00 0.3611295E+00 0.3569239E+00 0.3519162E+00 0.3458970E+00 0.3385711E+00 0.3295078E+00 0.3180451E+00 0.3030859E+00 0.2825661E+00 0.2515068E+00 0.1861639E+00
 0.3663931E+00 0.3662231E+00 0.3659144E+00 0.3654617E+00 0.3648572E+00 0.3640903E+00 0.3631470E+00 0.3620093E+00 0.3606543E+00 0.3590527E+00 0.3571677E+00 0.3549523E+00 0.3523457E+00 0.3492688E+00 0.3456174E+00 0.3412503E+00 0.3359729E+00 0.3295078E+00 0.3214446E+00 0.3111426E+00 0.2975220E+00 0.2785175E+00 0.2490984E+00 0.1853469E+00
 0.3486499E+00 0.3485123E+00 0.3482625E+00 0.3478960E+00 0.3474061E+00 0.3467841E+00 0.3460182E+00 0.3450931E+00 0.3439894E+00 0.3426823E+00 0.3411402E+00 0.3393228E+00 0.3371773E+00 0.3346350E+00 0.3316038E+00 0.3279583E+00 0.3235232E+00 0.3180451E+00 0.3111426E+00 0.3022092E+00 0.2901992E+00 0.2730704E+00 0.2457624E+00 0.1841747E+00
 0.3267966E+00 0.3266934E+00 0.3265059E+00 0.3262306E+00 0.3258625E+00 0.3253944E+00 0.3248173E+00 0.3241189E+00 0.3232840E+00 0.3222927E+00 0.3211197E+00 0.3197323E+00 0.3180877E+00 0.3161292E+00 0.3137803E+00 0.3109352E+00 0.3074439E+00 0.3030859E+00 0.2975220E+00 0.2901992E+00 0.2801381E+00 0.2653655E+00 0.2408541E+00 0.1823620E+00
 0.2989655E+00 0.2988970E+00 0.2987725E+00 0.2985897E+00 0.2983448E+00 0.2980332E+00 0.2976480E+00 0.2971811E+00 0.2966212E+00 0.2959543E+00 0.2951623E+00 0.2942212E+00 0.2930998E+00 0.2917558E+00 0.2901316E+00 0.2881464E+00 0.2856832E+00 0.2825661E+00 0.2785175E+00 0.2730704E+00 0.2653655E+00 0.2535947E+00 0.2329235E+00 0.1792046E+00
 0.2606599E+00 0.2606236E+00 0.2605577E+00 0.2604606E+00 0.2603306E+00 0.2601647E+00 0.2599593E+00 0.2597096E+00 0.2594092E+00 0.2590500E+00 0.2586213E+00 0.2581092E+00 0.2574949E+00 0.2567529E+00 0.2558477E+00 0.2547286E+00 0.2533203E+00 0.2515068E+00 0.2490984E+00 0.2457624E+00 0.2408541E+00 0.2329235E+00 0.2177561E+00 0.1723540E+00
 0.1890542E+00 0.1890434E+00 0.1890237E+00 0.1889948E+00 0.1889559E+00 0.1889062E+00 0.1888446E+00 0.1887695E+00 0.1886787E+00 0.1885697E+00 0.1884390E+00 0.1882820E+00 0.1880922E+00 0.1878611E+00 0.1875762E+00 0.1872194E+00 0.1867632E+00 0.1861639E+00 0.1853469E+00 0.1841747E+00 0.1823620E+00 0.1792046E+00 0.1723540E+00 0.1458404E+00
 2
 0.4476738E+00 0.4472597E+00 0.4465087E+00 0.4454101E+00 0.4439486E+00 0.4421029E+00 0.4398456E+00 0.4371417E+00 0.4339476E+00 0.4302090E+00 0.4258587E+00 0.4208132E+00 0.4149683E+00 0.4081931E+00 0.4003219E+00 0.3911416E+00 0.3803743E+00 0.3676503E+00 0.3524638E+00 0.3340942E+00 0.3114392E+00 0.2825635E+00 0.2429312E+00 0.1707333E+00
 0.4472597E+00 0.4468468E+00 0.4460981E+00 0.4450029E+00 0.4435459E+00 0.4417057E+00 0.4394552E+00 0.4367594E+00 0.4335746E+00 0.4298468E+00 0.4255089E+00 0.4204774E+00 0.4146484E+00 0.4078911E+00 0.4000400E+00 0.3908821E+00 0.3801399E+00 0.3674437E+00 0.3522880E+00 0.3339518E+00 0.3113322E+00 0.2824924E+00 0.2428938E+00 0.1707227E+00
 0.4465087E+00 0.4460981E+00 0.4453535E+00 0.4442644E+00 0.4428155E+00 0.4409854E+00 0.4387471E+00 0.4360658E+00 0.4328980E+00 0.4291898E+00 0.4248742E+00 0.4198681E+00 0.4140679E+00 0.4073430E+00 0.3995282E+00 0.3904111E+00 0.3797143E+00 0.3670686E+00 0.3519685E+00 0.3336929E+00 0.3111377E+00 0.2823634E+00 0.2428259E+00 0.1707035E+00
 0.4454101E+00 0.4450029E+00 0.4442644E+00 0.4431843E+00 0.4417470E+00 0.4399317E+00 0.4377112E+00 0.4350511E+00 0.4319080E+00 0.4282283E+00 0.4239454E+00 0.4189763E+00 0.4132180E+00 0.4065403E+00 0.3987787E+00 0.3897210E+00 0.3790907E+00 0.3665188E+00 0.3515001E+00 0.3333132E+00 0.3108522E+00 0.2821737E+00 0.2427260E+00 0.1706751E+00
 0.4439486E+00 0.4435459E+00 0.4428155E+00 0.4417470E+00 0.4403252E+00 0.4385295E+00 0.4363327E+00 0.4337006E+00 0.4305902E+00 0.4269483E+00 0.4227085E+00 0.4177886E+00 0.4120859E+00 0.4054709E+00 0.3977797E+00 0.3888010E+00 0.3782588E+00 0.3657850E+00 0.3508747E+00 0.3328057E+00 0.3104703E+00 0.2819197E+00 0.2425921E+00 0.1706369E+00
 0.4421029E+00 0.4417057E+00 0.4409854E+00 0.4399317E+00 0.4385295E+00 0.4367581E+00 0.4345910E+00 0.4319941E+00 0.4289248E+00 0.4253303E+00 0.4211449E+00 0.4162867E+00 0.4106538E+00 0.4041177E+00 0.3965152E+00 0.3876359E+00 0.3772049E+00 0.3648549E+00 0.3500811E+00 0.3321612E+00 0.3099848E+00 0.2815964E+00 0.2424213E+00 0.1705882E+00
 0.4398456E+00 0.4394552E+00 0.4387471E+00 0.4377112E+00 0.4363327E+00 0.4345910E+00 0.4324599E+00 0.4299058E+00 0.4268864E+00 0.4233495E+00 0.4192299E+00 0.4144468E+00 0.4088989E+00 0.4024588E+00 0.3949642E+00 0.3862061E+00 0.3759107E+00 0.3637117E+00 0.3491050E+00 0.3313677E+00 0.3093861E+00 0.2811969E+00 0.2422098E+00 0.1705278E+00
 0.4371417E+00 0.4367594E+00 0.4360658E+00 0.4350511E+00 0.4337006E+00 0.4319941E+00 0.4299058E+00 0.4274022E+00 0.4244421E+00 0.4209736E+00 0.4169324E+00 0.4122385E+00 0.4067917E+00 0.4004658E+00 0.3930999E+00 0.3844863E+00 0.3743528E+00 0.3623342E+00 0.3479276E+00 0.3304090E+00 0.3086617E+00 0.2807126E+00 0.2419526E+00 0.1704540E+00
 0.4339476E+00 0.4335746E+00 0.4328980E+00 0.4319080E+00 0.4305902E+00 0.4289248E+00 0.4268864E+00 0.4244421E+00 0.4215511E+00 0.4181627E+00 0.4142131E+00 0.4096237E+00 0.4042954E+00 0.3981034E+00 0.3908884E+00 0.3824447E+00 0.3725015E+00 0.3606957E+00 0.3465251E+00 0.3292653E+00 0.3077954E+00 0.2801318E+00 0.2416434E+00 0.1703650E+00
 0.4302090E+00 0.4298468E+00 0.4291898E+00 0.4282283E+00 0.4269483E+00 0.4253303E+00 0.4233495E+00 0.4209736E+00 0.4181627E+00 0.4148666E+00 0.4110232E+00 0.4065547E+00 0.4013637E+00 0.3953271E+00 0.3882875E+00 0.3800411E+00 0.3703197E+00 0.3587620E+00 0.3448672E+00 0.3279107E+00 0.3067671E+00 0.2794402E+00 0.2412736E+00 0.1702582E+00
 0.4258587E+00 0.4255089E+00 0.4248742E+00 0.4239454E+00 0.4227085E+00 0.4211449E+00 0.4192299E+00 0.4169324E+00 0.4142131E+00 0.4110232E+00 0.4073016E+00 0.4029720E+00 0.3979389E+00 0.3920811E+00 0.3852437E+00 0.3772252E+00 0.3677603E+00 0.3564902E+00 0.3429158E+00 0.3263124E+00 0.3055501E+00 0.2786187E+00 0.2408324E+00 0.1701301E+00
 0.4208132E+00 0.4204774E+00 0.4198681E+00 0.4189763E+00 0.4177886E+00 0.4162867E+00 0.4144468E+00 0.4122385E+00 0.4096237E+00 0.4065547E+00 0.4029720E+00 0.3988011E+00 0.3939487E+00 0.3882957E+00 0.3816901E+00 0.3739336E+00 0.3647639E+00 0.3538255E+00 0.3406219E+00 0.3244285E+00 0.3041107E+00 0.2776428E+00 0.2403054E+00 0.1699762E+00
 0.4149683E+00 0.4146484E+00 0.4140679E+00 0.4132180E+00 0.4120859E+00 0.4106538E+00 0.4088989E+00 0.4067917E+00 0.4042954E+00 0.4013637E+00 0.3979389E+00 0.3939487E+00 0.3893018E+00 0.3838826E+00 0.3775419E+00 0.3700854E+00 0.3612545E+00 0.3506980E+00 0.3379224E+00 0.3222044E+00 0.3024043E+00 0.2764799E+00 0.2396734E+00 0.1697902E+00
 0.4081931E+00 0.4078911E+00 0.4073430E+00 0.4065403E+00 0.4054709E+00 0.4041177E+00 0.4024588E+00 0.4004658E+00 0.3981034E+00 0.3953271E+00 0.3920811E+00 0.3882957E+00 0.3838826E+00 0.3787294E+00 0.3726908E+00 0.3655770E+00 0.3571345E+00 0.3470169E+00 0.3347355E+00 0.3195685E+00 0.3003721E+00 0.2750864E+00 0.2389102E+00 0.1695636E+00
 0.4003219E+00 0.4000400E+00 0.3995282E+00 0.3987787E+00 0.3977797E+00 0.3965152E+00 0.3949642E+00 0.3930999E+00 0.3908884E+00 0.3882875E+00 0.3852437E+00 0.3816901E+00 0.3775419E+00 0.3726908E+00 0.3669963E+00 0.3602739E+00 0.3522762E+00 0.3426633E+00 0.3309523E+00 0.3164252E+00 0.2979348E+00 0.2734026E+00 0.2379794E+00 0.1692844E+00
 0.3911416E+00 0.3908821E+00 0.3904111E+00 0.3897210E+00 0.3888010E+00 0.3876359E+00 0.3862061E+00 0.3844863E+00 0.3824447E+00 0.3800411E+00 0.3772252E+00 0.3739336E+00 0.3700854E+00 0.3655770E+00 0.3602739E+00 0.3539981E+00 0.3465100E+00 0.3374777E+00 0.3264266E+00 0.3126442E+00 0.2949826E+00 0.2713449E+00 0.2368292E+00 0.1689349E+00
 0.3803743E+00 0.3801399E+00 0.3797143E+00 0.3790907E+00 0.3782588E+00 0.3772049E+00 0.3759107E+00 0.3743528E+00 0.3725015E+00 0.3703197E+00 0.3677603E+00 0.3647639E+00 0.3612545E+00 0.3571345E+00 0.3522762E+00 0.3465100E+00 0.3396056E+00 0.3312420E+00 0.3209557E+00 0.3080436E+00 0.2913599E+00 0.2687924E+00 0.2353826E+00 0.1684883E+00
 0.3676503E+00 0.3674437E+00 0.3670686E+00 0.3665188E+00 0.3657850E+00 0.3648549E+00 0.3637117E+00 0.3623342E+00 0.3606957E+00 0.3587620E+00 0.3564902E+00 0.3538255E+00 0.3506980E+00 0.3470169E+00 0.3426633E+00 0.3374777E+00 0.3312420E+00 0.3236493E+00 0.3142514E+00 0.3023600E+00 0.2868381E+00 0.2655635E+00 0.2335210E+00 0.1679017E+00
 0.3524638E+00 0.3522880E+00 0.3519685E+00 0.3515001E+00 0.3508747E+00 0.3500811E+00 0.3491050E+00 0.3479276E+00 0.3465251E+00 0.3448672E+00 0.3429158E+00 0.3406219E+00 0.3379224E+00 0.3347355E+00 0.3309523E+00 0.3264266E+00 0.3209557E+00 0.3142514E+00 0.3058871E+00 0.2951979E+00 0.2810661E+00 0.2613722E+00 0.2310512E+00 0.1671025E+00
 0.3340942E+00 0.3339518E+00 0.3336929E+00 0.3333132E+00 0.3328057E+00 0.3321612E+00 0.3313677E+00 0.3304090E+00 0.3292653E+00 0.3279107E+00 0.3263124E+00 0.3244285E+00 0.3222044E+00 0.3195685E+00 0.3164252E+00 0.3126442E+00 0.3080436E+00 0.3023600E+00 0.2951979E+00 0.2859285E+00 0.2734727E+00 0.2557381E+00 0.2276349E+00 0.1659567E+00
 0.3114392E+00 0.3113322E+00 0.3111377E+00 0.3108522E+00 0.3104703E+00 0.3099848E+00 0.3093861E+00 0.3086617E+00 0.3077954E+00 0.3067671E+00 0.3055501E+00 0.3041107E+00 0.3024043E+00 0.3003721E+00 0.2979348E+00 0.2949826E+00 0.2913599E+00 0.2868381E+00 0.2810661E+00 0.2734727E+00 0.2630496E+00 0.2477816E+00 0.2226193E+00 0.1641871E+00
 0.2825635E+00 0.2824924E+00 0.2823634E+00 0.2821737E+00 0.2819197E+00 0.2815964E+00 0.2811969E+00 0.2807126E+00 0.2801318E+00 0.2794402E+00 0.2786187E+00 0.2776428E+00 0.2764799E+00 0.2750864E+00 0.2734026E+00 0.2713449E+00 0.2687924E+00 0.2655635E+00 0.2613722E+00 0.2557381E+00 0.2477816E+00 0.2356644E+00 0.2145459E+00 0.1611112E+00
 0.2429312E+00 0.2428938E+00 0.2428259E+00 0.2427260E+00 0.2425921E+00 0.2424213E+00 0.2422098E+00 0.2419526E+00 0.2416434E+00 0.2412736E+00 0.2408324E+00 0.2403054E+00 0.2396734E+00 0.2389102E+00 0.2379794E+00 0.2368292E+00 0.2353826E+00 0.2335210E+00 0.2310512E+00 0.2276349E+00 0.2226193E+00 0.2145459E+00 0.1992260E+00 0.1544648E+00
 0.1707333E+00 0.1707227E+00 0.1707035E+00 0.1706751E+00 0.1706369E+00 0.1705882E+00 0.1705278E+00 0.1704540E+00 0.1703650E+00 0.1702582E+00 0.1701301E+00 0.1699762E+00 0.1697902E+00 0.1695636E+00 0.1692844E+00 0.1689349E+00 0.1684883E+00 0.1679017E+00 0.1671025E+00 0.1659567E+00 0.1641871E+00 0.1611112E+00 0.1544648E+00 0.1290912E+00
 3
 0.4369841E+00 0.4365590E+00 0.4357881E+00 0.4346605E+00 0.4331600E+00 0.4312652E+00 0.4289473E+00 0.4261706E+00 0.4228899E+00 0.4190492E+00 0.4145790E+00 0.4093931E+00 0.4033836E+00 0.3964149E+00 0.3883153E+00 0.3788633E+00 0.3677701E+00 0.3546508E+00 0.3389778E+00 0.3199991E+00 0.2965670E+00 0.2666860E+00 0.2258074E+00 0.1532885E+00
 0.4365590E+00 0.4361353E+00 0.4353667E+00 0.4342425E+00 0.4327466E+00 0.4308573E+00 0.4285464E+00 0.4257780E+00 0.4225068E+00 0.4186771E+00 0.4142195E+00 0.4090479E+00 0.4030545E+00 0.3961042E+00 0.3880250E+00 0.3785960E+00 0.3675285E+00 0.3544377E+00 0.3387962E+00 0.3198519E+00 0.2964563E+00 0.2666126E+00 0.2257691E+00 0.1532782E+00
 0.4357881E+00 0.4353667E+00 0.4346024E+00 0.4334844E+00 0.4319967E+00 0.4301178E+00 0.4278193E+00 0.4250656E+00 0.4218117E+00 0.4180020E+00 0.4135673E+00 0.4084215E+00 0.4024576E+00 0.3955403E+00 0.3874982E+00 0.3781109E+00 0.3670899E+00 0.3540508E+00 0.3384664E+00 0.3195843E+00 0.2962550E+00 0.2664790E+00 0.2256994E+00 0.1532593E+00
 0.4346605E+00 0.4342425E+00 0.4334844E+00 0.4323754E+00 0.4308997E+00 0.4290358E+00 0.4267555E+00 0.4240234E+00 0.4207947E+00 0.4170141E+00 0.4126126E+00 0.4075048E+00 0.4015835E+00 0.3947145E+00 0.3867267E+00 0.3774002E+00 0.3664471E+00 0.3534836E+00 0.3379827E+00 0.3191917E+00 0.2959596E+00 0.2662829E+00 0.2255968E+00 0.1532316E+00
 0.4331600E+00 0.4327466E+00 0.4319967E+00 0.4308997E+00 0.4294399E+00 0.4275958E+00 0.4253396E+00 0.4226361E+00 0.4194409E+00 0.4156987E+00 0.4113413E+00 0.4062836E+00 0.4004191E+00 0.3936142E+00 0.3856983E+00 0.3764525E+00 0.3655897E+00 0.3527267E+00 0.3373368E+00 0.3186671E+00 0.2955644E+00 0.2660201E+00 0.2254594E+00 0.1531944E+00
 0.4312652E+00 0.4308573E+00 0.4301178E+00 0.4290358E+00 0.4275958E+00 0.4257767E+00 0.4235508E+00 0.4208832E+00 0.4177298E+00 0.4140361E+00 0.4097341E+00 0.4047394E+00 0.3989462E+00 0.3922218E+00 0.3843966E+00 0.3752524E+00 0.3645034E+00 0.3517670E+00 0.3365173E+00 0.3180008E+00 0.2950620E+00 0.2656857E+00 0.2252841E+00 0.1531469E+00
 0.4289473E+00 0.4285464E+00 0.4278193E+00 0.4267555E+00 0.4253396E+00 0.4235508E+00 0.4213617E+00 0.4187376E+00 0.4156351E+00 0.4120002E+00 0.4077654E+00 0.4028473E+00 0.3971410E+00 0.3905145E+00 0.3827996E+00 0.3737794E+00 0.3631692E+00 0.3505875E+00 0.3355093E+00 0.3171804E+00 0.2944424E+00 0.2652726E+00 0.2250670E+00 0.1530879E+00
 0.4261706E+00 0.4257780E+00 0.4250656E+00 0.4240234E+00 0.4226361E+00 0.4208832E+00 0.4187376E+00 0.4161652E+00 0.4131231E+00 0.4095580E+00 0.4054033E+00 0.4005762E+00 0.3949731E+00 0.3884634E+00 0.3808800E+00 0.3720075E+00 0.3615629E+00 0.3491663E+00 0.3342932E+00 0.3161893E+00 0.2936928E+00 0.2647716E+00 0.2248032E+00 0.1530160E+00
 0.4228899E+00 0.4225068E+00 0.4218117E+00 0.4207947E+00 0.4194409E+00 0.4177298E+00 0.4156351E+00 0.4131231E+00 0.4101517E+00 0.4066682E+00 0.4026070E+00 0.3978866E+00 0.3924046E+00 0.3860316E+00 0.3786026E+00 0.3699038E+00 0.3596541E+00 0.3474754E+00 0.3328445E+00 0.3150067E+00 0.2927964E+00 0.2641709E+00 0.2244858E+00 0.1529291E+00
 0.4190492E+00 0.4186771E+00 0.4180020E+00 0.4170141E+00 0.4156987E+00 0.4140361E+00 0.4120002E+00 0.4095580E+00 0.4066682E+00 0.4032790E+00 0.3993262E+00 0.3947293E+00 0.3893875E+00 0.3831733E+00 0.3759236E+00 0.3674268E+00 0.3574041E+00 0.3454797E+00 0.3311320E+00 0.3136060E+00 0.2917322E+00 0.2634557E+00 0.2241065E+00 0.1528249E+00
 0.4145790E+00 0.4142195E+00 0.4135673E+00 0.4126126E+00 0.4113413E+00 0.4097341E+00 0.4077654E+00 0.4054033E+00 0.4026070E+00 0.3993262E+00 0.3954976E+00 0.3910426E+00 0.3858622E+00 0.3798309E+00 0.3727879E+00 0.3645244E+00 0.3547644E+00 0.3431347E+00 0.3291159E+00 0.3119532E+00 0.2904727E+00 0.2626062E+00 0.2236539E+00 0.1526999E+00
 0.4093931E+00 0.4090479E+00 0.4084215E+00 0.4075048E+00 0.4062836E+00 0.4047394E+00 0.4028473E+00 0.4005762E+00 0.3978866E+00 0.3947293E+00 0.3910426E+00 0.3867499E+00 0.3817540E+00 0.3759320E+00 0.3691262E+00 0.3611308E+00 0.3516732E+00 0.3403837E+00 0.3267456E+00 0.3100048E+00 0.2889830E+00 0.2615970E+00 0.2231134E+00 0.1525497E+00
 0.4033836E+00 0.4030545E+00 0.4024576E+00 0.4015835E+00 0.4004191E+00 0.3989462E+00 0.3971410E+00 0.3949731E+00 0.3924046E+00 0.3893875E+00 0.3858622E+00 0.3817540E+00 0.3769684E+00 0.3713855E+00 0.3648507E+00 0.3571624E+00 0.3480521E+00 0.3371543E+00 0.3239560E+00 0.3077044E+00 0.2872171E+00 0.2603946E+00 0.2224654E+00 0.1523683E+00
 0.3964149E+00 0.3961042E+00 0.3955403E+00 0.3947145E+00 0.3936142E+00 0.3922218E+00 0.3905145E+00 0.3884634E+00 0.3860316E+00 0.3831733E+00 0.3798309E+00 0.3759320E+00 0.3713855E+00 0.3660747E+00 0.3598493E+00 0.3525120E+00 0.3437998E+00 0.3333526E+00 0.3206620E+00 0.3049778E+00 0.2851139E+00 0.2589540E+00 0.2216830E+00 0.1521474E+00
 0.3883153E+00 0.3880250E+00 0.3874982E+00 0.3867267E+00 0.3856983E+00 0.3843966E+00 0.3827996E+00 0.3808800E+00 0.3786026E+00 0.3759236E+00 0.3727879E+00 0.3691262E+00 0.3648507E+00 0.3598493E+00 0.3539761E+00 0.3470401E+00 0.3387841E+00 0.3288550E+00 0.3167510E+00 0.3017259E+00 0.2825915E+00 0.2572135E+00 0.2207293E+00 0.1518753E+00
 0.3788633E+00 0.3785960E+00 0.3781109E+00 0.3774002E+00 0.3764525E+00 0.3752524E+00 0.3737794E+00 0.3720075E+00 0.3699038E+00 0.3674268E+00 0.3645244E+00 0.3611308E+00 0.3571624E+00 0.3525120E+00 0.3470401E+00 0.3405619E+00 0.3328290E+00 0.3234964E+00 0.3120712E+00 0.2978139E+00 0.2795362E+00 0.2550870E+00 0.2195511E+00 0.1515347E+00
 0.3677701E+00 0.3675285E+00 0.3670899E+00 0.3664471E+00 0.3655897E+00 0.3645034E+00 0.3631692E+00 0.3615629E+00 0.3596541E+00 0.3574041E+00 0.3547644E+00 0.3516732E+00 0.3480521E+00 0.3437998E+00 0.3387841E+00 0.3328290E+00 0.3256955E+00 0.3170505E+00 0.3064127E+00 0.2930531E+00 0.2757872E+00 0.2524498E+00 0.2180702E+00 0.1510995E+00
 0.3546508E+00 0.3544377E+00 0.3540508E+00 0.3534836E+00 0.3527267E+00 0.3517670E+00 0.3505875E+00 0.3491663E+00 0.3474754E+00 0.3454797E+00 0.3431347E+00 0.3403837E+00 0.3371543E+00 0.3333526E+00 0.3288550E+00 0.3234964E+00 0.3170505E+00 0.3091990E+00 0.2994767E+00 0.2871712E+00 0.2711083E+00 0.2491154E+00 0.2161659E+00 0.1505282E+00
 0.3389778E+00 0.3387962E+00 0.3384664E+00 0.3379827E+00 0.3373368E+00 0.3365173E+00 0.3355093E+00 0.3342932E+00 0.3328445E+00 0.3311320E+00 0.3291159E+00 0.3267456E+00 0.3239560E+00 0.3206620E+00 0.3167510E+00 0.3120712E+00 0.3064127E+00 0.2994767E+00 0.2908215E+00 0.2797590E+00 0.2651373E+00 0.2447895E+00 0.2136418E+00 0.1497504E+00
 0.3199991E+00 0.3198519E+00 0.3195843E+00 0.3191917E+00 0.3186671E+00 0.3180008E+00 0.3171804E+00 0.3161893E+00 0.3150067E+00 0.3136060E+00 0.3119532E+00 0.3100048E+00 0.3077044E+00 0.3049778E+00 0.3017259E+00 0.2978139E+00 0.2930531E+00 0.2871712E+00 0.2797590E+00 0.2701672E+00 0.2572860E+00 0.2389804E+00 0.2101555E+00 0.1486362E+00
 0.2965670E+00 0.2964563E+00 0.2962550E+00 0.2959596E+00 0.2955644E+00 0.2950620E+00 0.2944424E+00 0.2936928E+00 0.2927964E+00 0.2917322E+00 0.2904727E+00 0.2889830E+00 0.2872171E+00 0.2851139E+00 0.2825915E+00 0.2795362E+00 0.2757872E+00 0.2711083E+00 0.2651373E+00 0.2572860E+00 0.2465204E+00 0.2307904E+00 0.2050487E+00 0.1469177E+00
 0.2666860E+00 0.2666126E+00 0.2664790E+00 0.2662829E+00 0.2660201E+00 0.2656857E+00 0.2652726E+00 0.2647716E+00 0.2641709E+00 0.2634557E+00 0.2626062E+00 0.2615970E+00 0.2603946E+00 0.2589540E+00 0.2572135E+00 0.2550870E+00 0.2524498E+00 0.2491154E+00 0.2447895E+00 0.2389804E+00 0.2307904E+00 0.2183586E+00 0.1968602E+00 0.1439370E+00
 0.2258074E+00 0.2257691E+00 0.2256994E+00 0.2255968E+00 0.2254594E+00 0.2252841E+00 0.2250670E+00 0.2248032E+00 0.2244858E+00 0.2241065E+00 0.2236539E+00 0.2231134E+00 0.2224654E+00 0.2216830E+00 0.2207293E+00 0.2195511E+00 0.2180702E+00 0.2161659E+00 0.2136418E+00 0.2101555E+00 0.2050487E+00 0.1968602E+00 0.1814468E+00 0.1375236E+00
 0.1532885E+00 0.1532782E+00 0.1532593E+00 0.1532316E+00 0.1531944E+00 0.1531469E+00 0.1530879E+00 0.1530160E+00 0.1529291E+00 0.1528249E+00 0.1526999E+00 0.1525497E+00 0.1523683E+00 0.1521474E+00 0.1518753E+00 0.1515347E+00 0.1510995E+00 0.1505282E+00 0.1497504E+00 0.1486362E+00 0.1469177E+00 0.1439370E+00 0.1375236E+00 0.1133846E+00
 4
 0.4268552E+00 0.4264196E+00 0.4256296E+00 0.4244740E+00 0.4229362E+00 0.4209940E+00 0.4186180E+00 0.4157712E+00 0.4124073E+00 0.4084685E+00 0.4038830E+00 0.3985620E+00 0.3923941E+00 0.3852392E+00 0.3769194E+00 0.3672058E+00 0.3557987E+00 0.3422983E+00 0.3261564E+00 0.3065910E+00 0.2824118E+00 0.2515701E+00 0.2095256E+00 0.1369155E+00
 0.4264196E+00 0.4259853E+00 0.4251977E+00 0.4240455E+00 0.4225124E+00 0.4205759E+00 0.4182070E+00 0.4153687E+00 0.4120145E+00 0.4080868E+00 0.4035142E+00 0.3982078E+00 0.3920563E+00 0.3849201E+00 0.3766213E+00 0.3669311E+00 0.3555502E+00 0.3420789E+00 0.3259692E+00 0.3064391E+00 0.2822975E+00 0.2514943E+00 0.2094864E+00 0.1369054E+00
 0.4256296E+00 0.4251977E+00 0.4244144E+00 0.4232685E+00 0.4217438E+00 0.4198178E+00 0.4174616E+00 0.4146383E+00 0.4113017E+00 0.4073944E+00 0.4028450E+00 0.3975650E+00 0.3914435E+00 0.3843410E+00 0.3760801E+00 0.3664324E+00 0.3550990E+00 0.3416806E+00 0.3256294E+00 0.3061631E+00 0.2820898E+00 0.2513566E+00 0.2094151E+00 0.1368871E+00
 0.4244740E+00 0.4240455E+00 0.4232685E+00 0.4221319E+00 0.4206193E+00 0.4187087E+00 0.4163709E+00 0.4135696E+00 0.4102587E+00 0.4063810E+00 0.4018656E+00 0.3966241E+00 0.3905462E+00 0.3834929E+00 0.3752873E+00 0.3657018E+00 0.3544377E+00 0.3410967E+00 0.3251310E+00 0.3057582E+00 0.2817848E+00 0.2511542E+00 0.2093101E+00 0.1368602E+00
 0.4229362E+00 0.4225124E+00 0.4217438E+00 0.4206193E+00 0.4191229E+00 0.4172324E+00 0.4149194E+00 0.4121471E+00 0.4088702E+00 0.4050318E+00 0.4005612E+00 0.3953708E+00 0.3893508E+00 0.3823628E+00 0.3742306E+00 0.3647275E+00 0.3535557E+00 0.3403174E+00 0.3244654E+00 0.3052170E+00 0.2813769E+00 0.2508832E+00 0.2091694E+00 0.1368240E+00
 0.4209940E+00 0.4205759E+00 0.4198178E+00 0.4187087E+00 0.4172324E+00 0.4153673E+00 0.4130851E+00 0.4103494E+00 0.4071151E+00 0.4033260E+00 0.3989119E+00 0.3937858E+00 0.3878384E+00 0.3809326E+00 0.3728929E+00 0.3634935E+00 0.3524380E+00 0.3393293E+00 0.3236210E+00 0.3045298E+00 0.2808583E+00 0.2505382E+00 0.2089901E+00 0.1367778E+00
 0.4186180E+00 0.4182070E+00 0.4174616E+00 0.4163709E+00 0.4149194E+00 0.4130851E+00 0.4108402E+00 0.4081488E+00 0.4049664E+00 0.4012372E+00 0.3968916E+00 0.3918436E+00 0.3859847E+00 0.3791789E+00 0.3712518E+00 0.3619790E+00 0.3510653E+00 0.3381149E+00 0.3225821E+00 0.3036835E+00 0.2802187E+00 0.2501120E+00 0.2087680E+00 0.1367205E+00
 0.4157712E+00 0.4153687E+00 0.4146383E+00 0.4135696E+00 0.4121471E+00 0.4103494E+00 0.4081488E+00 0.4055103E+00 0.4023894E+00 0.3987312E+00 0.3944672E+00 0.3895120E+00 0.3837585E+00 0.3770716E+00 0.3692788E+00 0.3601569E+00 0.3494125E+00 0.3366513E+00 0.3213288E+00 0.3026611E+00 0.2794449E+00 0.2495952E+00 0.2084980E+00 0.1366506E+00
 0.4124073E+00 0.4120145E+00 0.4113017E+00 0.4102587E+00 0.4088702E+00 0.4071151E+00 0.4049664E+00 0.4023894E+00 0.3993405E+00 0.3957655E+00 0.3915969E+00 0.3867504E+00 0.3811204E+00 0.3745731E+00 0.3669378E+00 0.3579933E+00 0.3474482E+00 0.3349101E+00 0.3198357E+00 0.3014412E+00 0.2785195E+00 0.2489758E+00 0.2081734E+00 0.1365663E+00
 0.4084685E+00 0.4080868E+00 0.4073944E+00 0.4063810E+00 0.4050318E+00 0.4033260E+00 0.4012372E+00 0.3987312E+00 0.3957655E+00 0.3922867E+00 0.3882285E+00 0.3835080E+00 0.3780211E+00 0.3716358E+00 0.3641836E+00 0.3554455E+00 0.3451325E+00 0.3328546E+00 0.3180704E+00 0.2999961E+00 0.2774209E+00 0.2482380E+00 0.2077854E+00 0.1364650E+00
 0.4038830E+00 0.4035142E+00 0.4028450E+00 0.4018656E+00 0.4005612E+00 0.3989119E+00 0.3968916E+00 0.3944672E+00 0.3915969E+00 0.3882285E+00 0.3842972E+00 0.3797214E+00 0.3743990E+00 0.3682004E+00 0.3609594E+00 0.3524596E+00 0.3424152E+00 0.3304391E+00 0.3159920E+00 0.2982908E+00 0.2761208E+00 0.2473619E+00 0.2073225E+00 0.1363436E+00
 0.3985620E+00 0.3982078E+00 0.3975650E+00 0.3966241E+00 0.3953708E+00 0.3937858E+00 0.3918436E+00 0.3895120E+00 0.3867504E+00 0.3835080E+00 0.3797214E+00 0.3753111E+00 0.3701771E+00 0.3641924E+00 0.3571935E+00 0.3489677E+00 0.3392327E+00 0.3276049E+00 0.3135483E+00 0.2962805E+00 0.2745829E+00 0.2463213E+00 0.2067698E+00 0.1361977E+00
 0.3923941E+00 0.3920563E+00 0.3914435E+00 0.3905462E+00 0.3893508E+00 0.3878384E+00 0.3859847E+00 0.3837585E+00 0.3811204E+00 0.3780211E+00 0.3743990E+00 0.3701771E+00 0.3652578E+00 0.3595172E+00 0.3527954E+00 0.3448837E+00 0.3355040E+00 0.3242774E+00 0.3106718E+00 0.2939067E+00 0.2727599E+00 0.2450814E+00 0.2061073E+00 0.1360216E+00
 0.3852392E+00 0.3849201E+00 0.3843410E+00 0.3834929E+00 0.3823628E+00 0.3809326E+00 0.3791789E+00 0.3770716E+00 0.3745731E+00 0.3716358E+00 0.3682004E+00 0.3641924E+00 0.3595172E+00 0.3540546E+00 0.3476490E+00 0.3400964E+00 0.3311242E+00 0.3203593E+00 0.3072746E+00 0.2910929E+00 0.2705888E+00 0.2435961E+00 0.2053078E+00 0.1358071E+00
 0.3769194E+00 0.3766213E+00 0.3760801E+00 0.3752873E+00 0.3742306E+00 0.3728929E+00 0.3712518E+00 0.3692788E+00 0.3669378E+00 0.3641836E+00 0.3609594E+00 0.3571935E+00 0.3527954E+00 0.3476490E+00 0.3416038E+00 0.3344617E+00 0.3259568E+00 0.3157231E+00 0.3032406E+00 0.2877368E+00 0.2679849E+00 0.2418020E+00 0.2043334E+00 0.1355429E+00
 0.3672058E+00 0.3669311E+00 0.3664324E+00 0.3657018E+00 0.3647275E+00 0.3634935E+00 0.3619790E+00 0.3601569E+00 0.3579933E+00 0.3554455E+00 0.3524596E+00 0.3489677E+00 0.3448837E+00 0.3400964E+00 0.3344617E+00 0.3277886E+00 0.3198196E+00 0.3101978E+00 0.2984126E+00 0.2836989E+00 0.2648310E+00 0.2396105E+00 0.2031302E+00 0.1352123E+00
 0.3557987E+00 0.3555502E+00 0.3550990E+00 0.3544377E+00 0.3535557E+00 0.3524380E+00 0.3510653E+00 0.3494125E+00 0.3474482E+00 0.3451325E+00 0.3424152E+00 0.3392327E+00 0.3355040E+00 0.3311242E+00 0.3259568E+00 0.3198196E+00 0.3124655E+00 0.3035496E+00 0.2925737E+00 0.2787846E+00 0.2609615E+00 0.2368936E+00 0.2016187E+00 0.1347902E+00
 0.3422983E+00 0.3420789E+00 0.3416806E+00 0.3410967E+00 0.3403174E+00 0.3393293E+00 0.3381149E+00 0.3366513E+00 0.3349101E+00 0.3328546E+00 0.3304391E+00 0.3276049E+00 0.3242774E+00 0.3203593E+00 0.3157231E+00 0.3101978E+00 0.3035496E+00 0.2954490E+00 0.2854153E+00 0.2727126E+00 0.2561328E+00 0.2334597E+00 0.1996765E+00 0.1342363E+00
 0.3261564E+00 0.3259692E+00 0.3256294E+00 0.3251310E+00 0.3244654E+00 0.3236210E+00 0.3225821E+00 0.3213288E+00 0.3198357E+00 0.3180704E+00 0.3159920E+00 0.3135483E+00 0.3106718E+00 0.3072746E+00 0.3032406E+00 0.2984126E+00 0.2925737E+00 0.2854153E+00 0.2764809E+00 0.2650610E+00 0.2499725E+00 0.2290078E+00 0.1971048E+00 0.1334826E+00
 0.3065910E+00 0.3064391E+00 0.3061631E+00 0.3057582E+00 0.3052170E+00 0.3045298E+00 0.3036835E+00 0.3026611E+00 0.3014412E+00 0.2999961E+00 0.2982908E+00 0.2962805E+00 0.2939067E+00 0.2910929E+00 0.2877368E+00 0.2836989E+00 0.2787846E+00 0.2727126E+00 0.2650610E+00 0.2551618E+00 0.2418767E+00 0.2230355E+00 0.1935580E+00 0.1324040E+00
 0.2824118E+00 0.2822975E+00 0.2820898E+00 0.2817848E+00 0.2813769E+00 0.2808583E+00 0.2802187E+00 0.2794449E+00 0.2785195E+00 0.2774209E+00 0.2761208E+00 0.2745829E+00 0.2727599E+00 0.2705888E+00 0.2679849E+00 0.2648310E+00 0.2609615E+00 0.2561328E+00 0.2499725E+00 0.2418767E+00 0.2307887E+00 0.2146298E+00 0.1883743E+00 0.1307425E+00
 0.2515701E+00 0.2514943E+00 0.2513566E+00 0.2511542E+00 0.2508832E+00 0.2505382E+00 0.2501120E+00 0.2495952E+00 0.2489758E+00 0.2482380E+00 0.2473619E+00 0.2463213E+00 0.2450814E+00 0.2435961E+00 0.2418020E+00 0.2396105E+00 0.2368936E+00 0.2334597E+00 0.2290078E+00 0.2230355E+00 0.2146298E+00 0.2019130E+00 0.1800951E+00 0.1278670E+00
 0.2095256E+00 0.2094864E+00 0.2094151E+00 0.2093101E+00 0.2091694E+00 0.2089901E+00 0.2087680E+00 0.2084980E+00 0.2081734E+00 0.2077854E+00 0.2073225E+00 0.2067698E+00 0.2061073E+00 0.2053078E+00 0.2043334E+00 0.2031302E+00 0.2016187E+00 0.1996765E+00 0.1971048E+00 0.1935580E+00 0.1883743E+00 0.1800951E+00 0.1646386E+00 0.1217075E+00
 0.1369155E+00 0.1369054E+00 0.1368871E+00 0.1368602E+00 0.1368240E+00 0.1367778E+00 0.1367205E+00 0.1366506E+00 0.1365663E+00 0.1364650E+00 0.1363436E+00 0.1361977E+00 0.1360216E+00 0.1358071E+00 0.1355429E+00 0.1352123E+00 0.1347902E+00 0.1342363E+00 0.1334826E+00 0.1324040E+00 0.1307425E+00 0.1278670E+00 0.1217075E+00 0.9886283E-01
 5
 0.4174884E+00 0.4170428E+00 0.4162347E+00 0.4150525E+00 0.4134794E+00 0.4114923E+00 0.4090613E+00 0.4061482E+00 0.4027053E+00 0.3986733E+00 0.3939784E+00 0.3885291E+00 0.3822106E+00 0.3748785E+00 0.3663493E+00 0.3563864E+00 0.3446797E+00 0.3308154E+00 0.3142252E+00 0.2940986E+00 0.2692048E+00 0.2374467E+00 0.1943075E+00 0.1217725E+00
 0.4170428E+00 0.4165986E+00 0.4157929E+00 0.4146143E+00 0.4130459E+00 0.4110646E+00 0.4086408E+00 0.4057361E+00 0.4023031E+00 0.3982826E+00 0.3936008E+00 0.3881663E+00 0.3818646E+00 0.3745515E+00 0.3660436E+00 0.3561045E+00 0.3444246E+00 0.3305901E+00 0.3140329E+00 0.2939423E+00 0.2690871E+00 0.2373687E+00 0.1942675E+00 0.1217628E+00
 0.4162347E+00 0.4157929E+00 0.4149916E+00 0.4138194E+00 0.4122595E+00 0.4102890E+00 0.4078780E+00 0.4049887E+00 0.4015736E+00 0.3975737E+00 0.3929156E+00 0.3875079E+00 0.3812366E+00 0.3739579E+00 0.3654886E+00 0.3555928E+00 0.3439614E+00 0.3301808E+00 0.3136834E+00 0.2936583E+00 0.2688731E+00 0.2372269E+00 0.1941946E+00 0.1217451E+00
 0.4150525E+00 0.4146143E+00 0.4138194E+00 0.4126566E+00 0.4111091E+00 0.4091540E+00 0.4067619E+00 0.4038949E+00 0.4005059E+00 0.3965362E+00 0.3919125E+00 0.3865441E+00 0.3803172E+00 0.3730886E+00 0.3646757E+00 0.3548432E+00 0.3432825E+00 0.3295809E+00 0.3131709E+00 0.2932415E+00 0.2685590E+00 0.2370186E+00 0.1940875E+00 0.1217190E+00
 0.4134794E+00 0.4130459E+00 0.4122595E+00 0.4111091E+00 0.4095779E+00 0.4076435E+00 0.4052763E+00 0.4024390E+00 0.3990846E+00 0.3951547E+00 0.3905766E+00 0.3852602E+00 0.3790923E+00 0.3719301E+00 0.3635920E+00 0.3538435E+00 0.3423769E+00 0.3287803E+00 0.3124865E+00 0.2926846E+00 0.2681389E+00 0.2367398E+00 0.1939438E+00 0.1216839E+00
 0.4114923E+00 0.4110646E+00 0.4102890E+00 0.4091540E+00 0.4076435E+00 0.4057348E+00 0.4033990E+00 0.4005988E+00 0.3972878E+00 0.3934080E+00 0.3888875E+00 0.3836364E+00 0.3775425E+00 0.3704640E+00 0.3622201E+00 0.3525774E+00 0.3412294E+00 0.3277650E+00 0.3116182E+00 0.2919773E+00 0.2676049E+00 0.2363848E+00 0.1937607E+00 0.1216392E+00
 0.4090613E+00 0.4086408E+00 0.4078780E+00 0.4067619E+00 0.4052763E+00 0.4033990E+00 0.4011012E+00 0.3983461E+00 0.3950878E+00 0.3912690E+00 0.3868182E+00 0.3816466E+00 0.3756427E+00 0.3686660E+00 0.3605369E+00 0.3510232E+00 0.3398198E+00 0.3265172E+00 0.3105498E+00 0.2911062E+00 0.2669462E+00 0.2359462E+00 0.1935340E+00 0.1215837E+00
 0.4061482E+00 0.4057361E+00 0.4049887E+00 0.4038949E+00 0.4024390E+00 0.4005988E+00 0.3983461E+00 0.3956446E+00 0.3924489E+00 0.3887024E+00 0.3843346E+00 0.3792575E+00 0.3733609E+00 0.3665054E+00 0.3585130E+00 0.3491532E+00 0.3381226E+00 0.3250133E+00 0.3092609E+00 0.2900539E+00 0.2661492E+00 0.2354144E+00 0.1932584E+00 0.1215159E+00
 0.4027053E+00 0.4023031E+00 0.4015736E+00 0.4005059E+00 0.3990846E+00 0.3972878E+00 0.3950878E+00 0.3924489E+00 0.3893264E+00 0.3856645E+00 0.3813938E+00 0.3764274E+00 0.3706565E+00 0.3639432E+00 0.3561114E+00 0.3469325E+00 0.3361053E+00 0.3232237E+00 0.3077252E+00 0.2887981E+00 0.2651962E+00 0.2347770E+00 0.1929271E+00 0.1214343E+00
 0.3986733E+00 0.3982826E+00 0.3975737E+00 0.3965362E+00 0.3951547E+00 0.3934080E+00 0.3912690E+00 0.3887024E+00 0.3856645E+00 0.3821006E+00 0.3779422E+00 0.3731041E+00 0.3674789E+00 0.3609307E+00 0.3532855E+00 0.3443171E+00 0.3337268E+00 0.3211112E+00 0.3059095E+00 0.2873106E+00 0.2640647E+00 0.2340180E+00 0.1925312E+00 0.1213362E+00
 0.3939784E+00 0.3936008E+00 0.3929156E+00 0.3919125E+00 0.3905766E+00 0.3888875E+00 0.3868182E+00 0.3843346E+00 0.3813938E+00 0.3779422E+00 0.3739130E+00 0.3692223E+00 0.3637647E+00 0.3574068E+00 0.3499768E+00 0.3412515E+00 0.3309355E+00 0.3186282E+00 0.3037716E+00 0.2855552E+00 0.2627257E+00 0.2331166E+00 0.1920590E+00 0.1212186E+00
 0.3885291E+00 0.3881663E+00 0.3875079E+00 0.3865441E+00 0.3852602E+00 0.3836364E+00 0.3816466E+00 0.3792575E+00 0.3764274E+00 0.3731041E+00 0.3692223E+00 0.3647000E+00 0.3594345E+00 0.3532945E+00 0.3461115E+00 0.3376659E+00 0.3276658E+00 0.3157146E+00 0.3012575E+00 0.2834856E+00 0.2611419E+00 0.2320461E+00 0.1914952E+00 0.1210774E+00
 0.3822106E+00 0.3818646E+00 0.3812366E+00 0.3803172E+00 0.3790923E+00 0.3775425E+00 0.3756427E+00 0.3733609E+00 0.3706565E+00 0.3674789E+00 0.3637647E+00 0.3594345E+00 0.3543877E+00 0.3484967E+00 0.3415963E+00 0.3334713E+00 0.3238341E+00 0.3122932E+00 0.2982979E+00 0.2810416E+00 0.2592643E+00 0.2307707E+00 0.1908195E+00 0.1209069E+00
 0.3748785E+00 0.3745515E+00 0.3739579E+00 0.3730886E+00 0.3719301E+00 0.3704640E+00 0.3686660E+00 0.3665054E+00 0.3639432E+00 0.3609307E+00 0.3574068E+00 0.3532945E+00 0.3484967E+00 0.3428892E+00 0.3363115E+00 0.3285532E+00 0.3193326E+00 0.3082638E+00 0.2948022E+00 0.2781444E+00 0.2570283E+00 0.2292431E+00 0.1900043E+00 0.1206993E+00
 0.3663493E+00 0.3660436E+00 0.3654886E+00 0.3646757E+00 0.3635920E+00 0.3622201E+00 0.3605369E+00 0.3585130E+00 0.3561114E+00 0.3532855E+00 0.3499768E+00 0.3461115E+00 0.3415963E+00 0.3363115E+00 0.3301019E+00 0.3227629E+00 0.3140200E+00 0.3034949E+00 0.2906503E+00 0.2746885E+00 0.2543467E+00 0.2273982E+00 0.1890111E+00 0.1204437E+00
 0.3563864E+00 0.3561045E+00 0.3555928E+00 0.3548432E+00 0.3538435E+00 0.3525774E+00 0.3510232E+00 0.3491532E+00 0.3469325E+00 0.3443171E+00 0.3412515E+00 0.3376659E+00 0.3334713E+00 0.3285532E+00 0.3227629E+00 0.3159034E+00 0.3077087E+00 0.2978102E+00 0.2856806E+00 0.2705303E+00 0.2510988E+00 0.2251452E+00 0.1877854E+00 0.1201240E+00
 0.3446797E+00 0.3444246E+00 0.3439614E+00 0.3432825E+00 0.3423769E+00 0.3412294E+00 0.3398198E+00 0.3381226E+00 0.3361053E+00 0.3337268E+00 0.3309355E+00 0.3276658E+00 0.3238341E+00 0.3193326E+00 0.3140200E+00 0.3077087E+00 0.3001435E+00 0.2909684E+00 0.2796691E+00 0.2654692E+00 0.2471143E+00 0.2223529E+00 0.1862464E+00 0.1197158E+00
 0.3308154E+00 0.3305901E+00 0.3301808E+00 0.3295809E+00 0.3287803E+00 0.3277650E+00 0.3265172E+00 0.3250133E+00 0.3232237E+00 0.3211112E+00 0.3186282E+00 0.3157146E+00 0.3122932E+00 0.3082638E+00 0.3034949E+00 0.2978102E+00 0.2909684E+00 0.2826295E+00 0.2722979E+00 0.2592156E+00 0.2421431E+00 0.2188253E+00 0.1842702E+00 0.1191805E+00
 0.3142252E+00 0.3140329E+00 0.3136834E+00 0.3131709E+00 0.3124865E+00 0.3116182E+00 0.3105498E+00 0.3092609E+00 0.3077252E+00 0.3059095E+00 0.3037716E+00 0.3012575E+00 0.2982979E+00 0.2948022E+00 0.2906503E+00 0.2856806E+00 0.2796691E+00 0.2722979E+00 0.2630965E+00 0.2513357E+00 0.2358026E+00 0.2142548E+00 0.1816562E+00 0.1184525E+00
 0.2940986E+00 0.2939423E+00 0.2936583E+00 0.2932415E+00 0.2926846E+00 0.2919773E+00 0.2911062E+00 0.2900539E+00 0.2887981E+00 0.2873106E+00 0.2855552E+00 0.2834856E+00 0.2810416E+00 0.2781444E+00 0.2746885E+00 0.2705303E+00 0.2654692E+00 0.2592156E+00 0.2513357E+00 0.2411434E+00 0.2274750E+00 0.2081294E+00 0.1780563E+00 0.1174117E+00
 0.2692048E+00 0.2690871E+00 0.2688731E+00 0.2685590E+00 0.2681389E+00 0.2676049E+00 0.2669462E+00 0.2661492E+00 0.2651962E+00 0.2640647E+00 0.2627257E+00 0.2611419E+00 0.2592643E+00 0.2570283E+00 0.2543467E+00 0.2510988E+00 0.2471143E+00 0.2421431E+00 0.2358026E+00 0.2274750E+00 0.2160827E+00 0.1995232E+00 0.1728069E+00 0.1158107E+00
 0.2374467E+00 0.2373687E+00 0.2372269E+00 0.2370186E+00 0.2367398E+00 0.2363848E+00 0.2359462E+00 0.2354144E+00 0.2347770E+00 0.2340180E+00 0.2331166E+00 0.2320461E+00 0.2307707E+00 0.2292431E+00 0.2273982E+00 0.2251452E+00 0.2223529E+00 0.2188253E+00 0.2142548E+00 0.2081294E+00 0.1995232E+00 0.1865459E+00 0.1644556E+00 0.1130463E+00
